step,wall_ns,manifolds,pairs,top_y,awake,void,colors,wide_colors,waves,g_ns,u_ns,r_ns,sys_sum_ns,disp_lane,worker_lane_max,sys_physics_integrate_ns,sys_physics_integrate_n,sys_physics_gather_ns,sys_physics_gather_n,sys_select_broadphase_ns,sys_select_broadphase_n,sys_physics_broadphase_colored_ns,sys_physics_broadphase_colored_n,sys_physics_narrowphase_colored_ns,sys_physics_narrowphase_colored_n,sys_physics_build_graph_ns,sys_physics_build_graph_n,sys_physics_solve_colored_ns,sys_physics_solve_colored_n,sys_physics_apply_ns,sys_physics_apply_n,phys_solve_build_ns,phys_solve_build_n,phys_gravity_ns,phys_gravity_n,phys_warm_apply_ns,phys_warm_apply_n,phys_integrate_ns,phys_integrate_n,phys_pass_biased_ns,phys_pass_biased_n,phys_pass_relax_ns,phys_pass_relax_n,phys_color_wide_ns,phys_color_wide_n,phys_color_narrow_ns,phys_color_narrow_n,phys_restitution_ns,phys_restitution_n,phys_store_ns,phys_store_n,phys_write_back_ns,phys_write_back_n,phys_sleep_begin_ns,phys_sleep_begin_n,phys_sleep_freeze_ns,phys_sleep_freeze_n,phys_sleep_end_ns,phys_sleep_end_n,phys_sleep_classify_ns,phys_sleep_classify_n,phys_np_dispatch_ns,phys_np_dispatch_n,phys_np_compact_ns,phys_np_compact_n,phys_np_axis_commit_ns,phys_np_axis_commit_n,phys_bp_verify_ns,phys_bp_verify_n,phys_bp_build_ns,phys_bp_build_n,phys_bp_query_ns,phys_bp_query_n,phys_bp_assemble_ns,phys_bp_assemble_n,phys_sb_bodies_ns,phys_sb_bodies_n,phys_sb_pa_ns,phys_sb_pa_n,phys_sb_pb_ns,phys_sb_pb_n,phys_sb_pc_ns,phys_sb_pc_n,phys_slots_wide,phys_slots_wide_n,phys_slots_narrow,phys_slots_narrow_n,phys_np_pairs,phys_np_pairs_n,phys_np_manifolds,phys_np_manifolds_n,phys_np_points,phys_np_points_n,phys_bp_pairs,phys_bp_pairs_n,phys_np_chunks,phys_np_chunks_n,phys_bp_queried,phys_bp_queried_n,phys_bp_members,phys_bp_members_n,phys_bp_rebuilds,phys_bp_rebuilds_n,phys_np_reused,phys_np_reused_n,phys_np_sep_hits,phys_np_sep_hits_n,phys_np_full,phys_np_full_n,phys_sleep_held,phys_sleep_held_n,phys_wave_ramp,phys_wave_ramp_n,phys_wave_tail,phys_wave_tail_n,phys_wave_inflight,phys_wave_inflight_n,phys_wave_lanes,phys_wave_lanes_n,phys_wave_overflow,phys_wave_overflow_n,phys_color_scopes,phys_color_scopes_n,phys_color_tasks,phys_color_tasks_n,phys_route_worker,phys_route_worker_n,phys_route_external,phys_route_external_n,phys_hist_colors_lt32,phys_hist_colors_lt32_n,phys_hist_colors_lt64,phys_hist_colors_lt64_n,phys_hist_colors_lt128,phys_hist_colors_lt128_n,phys_hist_colors_lt256,phys_hist_colors_lt256_n,phys_hist_colors_ge256,phys_hist_colors_ge256_n,phys_hist_slots_lt32,phys_hist_slots_lt32_n,phys_hist_slots_lt64,phys_hist_slots_lt64_n,phys_hist_slots_lt128,phys_hist_slots_lt128_n,phys_hist_slots_lt256,phys_hist_slots_lt256_n,phys_hist_slots_ge256,phys_hist_slots_ge256_n,phys_s6_graph_hit,phys_s6_graph_hit_n,phys_s6_pb_hit,phys_s6_pb_hit_n,phys_np_wave_ramp,phys_np_wave_ramp_n,phys_np_wave_tail,phys_np_wave_tail_n,phys_np_wave_inflight,phys_np_wave_inflight_n,phys_np_wave_lanes,phys_np_wave_lanes_n,phys_np_wave_overflow,phys_np_wave_overflow_n,phys_wave_join,phys_wave_join_n,phys_wave_helped,phys_wave_helped_n,phys_wave_first_ramp,phys_wave_first_ramp_n,phys_wave_first_tail,phys_wave_first_tail_n,phys_wave_pass_ramp,phys_wave_pass_ramp_n,phys_np_wave_join,phys_np_wave_join_n,phys_np_route_worker,phys_np_route_worker_n,phys_setup_chunks,phys_setup_chunks_n,phys_setup_stamped,phys_setup_stamped_n
0,3811300,4495,9570,35.998295,,0,9,9,108,56986,20700,43148,3754314,16,203,721,1,109570,1,140,1,404163,1,1309576,1,174484,1,1744228,1,11432,1,478636,1,16361,4,364688,4,96384,4,269846,4,467414,8,694112,108,0,0,3086,1,24186,1,2926,1,0,0,0,0,0,0,0,0,970647,1,152612,1,72258,1,37602,1,85804,1,220993,1,43814,1,36199,1,105702,1,253756,1,75715,1,17980,1,0,1,9570,1,4495,1,17980,1,9570,1,48,1,1241,1,0,1,0,1,0,1,0,1,9570,1,0,0,271947,1,381315,1,815,1,815,1,0,1,108,1,2484,1,109,1,0,1,0,1,0,1,0,1,0,1,9,1,0,1,0,1,0,1,0,1,17980,1,0,1,0,1,48642,1,52140,1,8,1,8,1,0,1,149157,1,109,1,14058,1,5973,1,116208,1,21005,1,1,1,32,1,32,1
1,2111000,4300,9570,35.993866,,0,9,8,96,34617,9117,35153,2076383,16,203,210,1,45267,1,90,1,344369,1,353406,1,95683,1,1226347,1,11011,1,173542,1,11933,4,281729,4,77448,4,223979,4,419473,8,597899,96,10400,12,2865,1,23675,1,2585,1,0,0,0,0,0,0,0,0,307789,1,30739,1,4318,1,7324,1,72098,1,206946,1,57209,1,3326,1,66627,1,28855,1,71918,1,16277,1,27,1,9570,1,4300,1,16304,1,9570,1,48,1,1241,1,0,1,0,1,4495,1,5075,1,0,1,0,0,251623,1,384714,1,776,1,776,1,0,1,96,1,2328,1,97,1,0,1,1,1,0,1,0,1,0,1,8,1,27,1,0,1,0,1,0,1,16277,1,0,1,0,1,16979,1,60753,1,8,1,8,1,0,1,140586,1,97,1,14636,1,6138,1,113954,1,17341,1,1,1,32,1,32,1
2,1758000,4339,9570,35.986713,,0,9,8,96,32338,8867,33688,1725662,16,203,70,1,26090,1,50,1,268564,1,160627,1,93830,1,1165470,1,10961,1,114689,1,11863,4,282771,4,77939,4,222275,4,417098,8,594764,96,10921,12,2845,1,24527,1,2595,1,0,0,0,0,0,0,0,0,113728,1,32432,1,4338,1,21551,1,51509,1,167781,1,27392,1,3437,1,5350,1,29266,1,74393,1,16269,1,36,1,9570,1,4339,1,16305,1,9570,1,48,1,1240,1,1,1,1,1,4495,1,5075,1,0,1,0,0,240372,1,422763,1,776,1,776,1,0,1,96,1,2304,1,97,1,0,1,0,1,1,1,0,1,0,1,8,1,0,1,36,1,0,1,0,1,16269,1,0,1,0,1,3647,1,50490,1,8,1,8,1,0,1,153918,1,97,1,14174,1,4587,1,110835,1,19717,1,1,1,32,1,32,1
3,1755700,4335,9570,35.976837,,0,9,8,96,31891,9248,36245,1723809,16,203,50,1,26320,1,40,1,243376,1,150698,1,95092,1,1197411,1,10821,1,111854,1,11612,4,285536,4,77679,4,223387,4,445032,8,621112,96,11061,12,5460,1,24998,1,2605,1,0,0,0,0,0,0,0,0,105402,1,31089,1,4288,1,5330,1,48984,1,161589,1,27182,1,3356,1,9338,1,29226,1,68080,1,16306,1,30,1,9570,1,4335,1,16336,1,9570,1,48,1,1240,1,1,1,0,1,4495,1,5075,1,0,1,0,0,241229,1,399729,1,776,1,776,1,0,1,96,1,2340,1,97,1,0,1,1,1,0,1,0,1,0,1,8,1,30,1,0,1,0,1,0,1,16306,1,0,1,0,1,2789,1,49929,1,8,1,8,1,0,1,144844,1,97,1,13679,1,2442,1,109498,1,15559,1,1,1,32,1,32,1
4,1868700,4329,9570,35.964233,,0,9,8,96,32852,12444,34954,1835848,16,203,140,1,25519,1,90,1,239739,1,159210,1,121322,1,1279017,1,10811,1,113207,1,12494,4,391189,4,78420,4,224640,4,417108,8,597286,96,9508,12,2855,1,23866,1,2795,1,0,0,0,0,0,0,0,0,107341,1,34185,1,5711,1,5220,1,48884,1,158363,1,27002,1,4138,1,6242,1,29286,1,71196,1,16296,1,31,1,9570,1,4329,1,16327,1,9570,1,48,1,1240,1,1,1,0,1,4495,1,5075,1,0,1,0,0,256267,1,349932,1,776,1,776,1,0,1,96,1,2328,1,97,1,0,1,1,1,0,1,0,1,0,1,8,1,31,1,0,1,0,1,0,1,16296,1,0,1,0,1,2690,1,54929,1,8,1,8,1,0,1,128760,1,97,1,14718,1,3861,1,115714,1,13728,1,1,1,32,1,32,1
5,1784300,4324,9570,35.948902,,0,9,8,96,31636,8486,31187,1752664,16,203,120,1,30278,1,90,1,254457,1,155267,1,121563,1,1180178,1,10710,1,110622,1,12113,4,308991,4,77729,4,222476,4,410506,8,591976,96,9819,12,3326,1,23244,1,2685,1,0,0,0,0,0,0,0,0,106454,1,32131,1,5260,1,5741,1,56789,1,156319,1,35368,1,4058,1,6312,1,29166,1,68962,1,16313,1,28,1,9570,1,4324,1,16341,1,9570,1,48,1,1240,1,1,1,0,1,4495,1,5075,1,0,1,0,0,249180,1,351087,1,776,1,776,1,0,1,96,1,2340,1,97,1,0,1,1,1,0,1,0,1,0,1,8,1,28,1,0,1,0,1,0,1,16313,1,0,1,0,1,2888,1,45936,1,8,1,8,1,0,1,126830,1,97,1,16088,1,4686,1,113261,1,17011,1,1,1,32,1,32,1
6,1693700,4326,9570,35.93085,,0,9,8,96,32581,8547,30345,1661119,16,203,80,1,26240,1,30,1,235210,1,150408,1,94341,1,1144029,1,10781,1,106273,1,11382,4,284334,4,77548,4,218548,4,408111,8,587287,96,9027,12,2825,1,23856,1,2605,1,0,0,0,0,0,0,0,0,104350,1,31791,1,4298,1,5160,1,48543,1,154195,1,27012,1,3427,1,5400,1,29226,1,66257,1,16318,1,31,1,9570,1,4326,1,16349,1,9570,1,48,1,1240,1,1,1,0,1,4495,1,5075,1,0,1,0,0,238429,1,340395,1,776,1,776,1,0,1,96,1,2316,1,97,1,0,1,1,1,0,1,0,1,0,1,8,1,31,1,0,1,0,1,0,1,16318,1,0,1,0,1,2921,1,44847,1,8,1,8,1,0,1,124253,1,97,1,13217,1,2607,1,108988,1,14833,1,1,1,32,1,32,1
7,1698900,4319,9570,35.910072,,0,9,8,96,31489,8476,30387,1667411,16,203,70,1,26370,1,40,1,237034,1,144997,1,93028,1,1155221,1,10650,1,107065,1,11652,4,283082,4,78290,4,218659,4,418421,8,596894,96,9799,12,2815,1,24136,1,2625,1,0,0,0,0,0,0,0,0,101975,1,29016,1,4278,1,5090,1,48332,1,156349,1,27012,1,3346,1,5310,1,29476,1,66908,1,16316,1,27,1,9570,1,4319,1,16343,1,9570,1,48,1,1240,1,1,1,0,1,4495,1,5075,1,0,1,0,0,228520,1,413127,1,776,1,776,1,0,1,96,1,2316,1,97,1,0,1,1,1,0,1,0,1,0,1,8,1,27,1,0,1,0,1,0,1,16316,1,0,1,0,1,2789,1,14025,1,8,1,8,1,0,1,137034,1,97,1,13745,1,7029,1,110010,1,1897,1,1,1,32,1,32,1
8,1808100,4316,9570,35.88657,,0,9,8,96,33003,8977,31668,1775097,16,203,190,1,26090,1,40,1,233507,1,156289,1,120961,1,1227198,1,10821,1,112024,1,12544,4,352835,4,78480,4,225962,4,408181,8,593348,96,9127,12,2916,1,22603,1,2675,1,0,0,0,0,0,0,0,0,107686,1,31320,1,5230,1,5080,1,48553,1,152622,1,26972,1,4138,1,6332,1,29016,1,70214,1,16293,1,27,1,9570,1,4316,1,16320,1,9570,1,48,1,1240,1,1,1,0,1,4495,1,5075,1,0,1,0,0,239819,1,336468,1,773,1,773,1,0,1,96,1,2316,1,97,1,0,1,1,1,0,1,0,1,0,1,8,1,27,1,0,1,0,1,0,1,16293,1,0,1,0,1,2690,1,52272,1,8,1,8,1,0,1,126395,1,97,1,14504,1,3927,1,113299,1,17704,1,1,1,32,1,32,1
9,1774900,4312,9570,35.86034,,0,9,8,96,31815,8627,32891,1743085,16,203,140,1,30508,1,40,1,239528,1,171598,1,106734,1,1183795,1,10741,1,106915,1,12394,4,322677,4,77989,4,218518,4,406989,8,586684,96,5931,12,2825,1,24176,1,2685,1,0,0,0,0,0,0,0,0,125170,1,31590,1,4559,1,5060,1,57550,1,145388,1,31260,1,3607,1,5691,1,28384,1,67129,1,16297,1,18,1,9570,1,4312,1,16315,1,9570,1,48,1,1240,1,1,1,0,1,4495,1,5075,1,0,1,0,0,233392,1,356532,1,776,1,776,1,0,1,96,1,2316,1,97,1,0,1,1,1,0,1,0,1,0,1,8,1,18,1,0,1,0,1,0,1,16297,1,0,1,0,1,3564,1,57387,1,8,1,8,1,0,1,121740,1,97,1,13349,1,3234,1,108343,1,18958,1,1,1,32,1,32,1
10,1688300,4307,9570,35.831387,,0,9,8,96,30888,8526,31687,1657412,16,203,80,1,26130,1,30,1,242294,1,149737,1,93158,1,1135272,1,10710,1,104801,1,12324,4,282541,4,78190,4,214921,4,404404,8,581817,96,5821,12,2785,1,24166,1,2615,1,0,0,0,0,0,0,0,0,106093,1,29426,1,4298,1,5060,1,48272,1,161369,1,27282,1,3487,1,5260,1,29116,1,65155,1,16300,1,14,1,9570,1,4307,1,16314,1,9570,1,48,1,1240,1,1,1,0,1,4495,1,5075,1,0,1,0,0,233784,1,310761,1,776,1,776,1,0,1,96,1,2400,1,97,1,0,1,1,1,0,1,0,1,0,1,8,1,14,1,0,1,0,1,0,1,16300,1,0,1,0,1,2327,1,46431,1,8,1,8,1,0,1,117817,1,97,1,13085,1,3762,1,108261,1,13926,1,1,1,32,1,32,1
11,1707300,4307,9570,35.79971,,0,9,8,96,31173,8627,31806,1676127,16,203,150,1,25589,1,50,1,237695,1,148674,1,93559,1,1159769,1,10640,1,108107,1,11572,4,283312,4,78250,4,224189,4,416768,8,605103,96,4048,12,2886,1,23425,1,2635,1,0,0,0,0,0,0,0,0,102967,1,31761,1,4268,1,5070,1,48703,1,156329,1,27262,1,3396,1,5350,1,29196,1,68391,1,16310,1,10,1,9570,1,4307,1,16320,1,9570,1,48,1,1240,1,1,1,0,1,4495,1,5075,1,0,1,0,0,232451,1,323367,1,776,1,776,1,0,1,96,1,2328,1,97,1,0,1,1,1,0,1,0,1,0,1,8,1,10,1,0,1,0,1,0,1,16310,1,0,1,0,1,2360,1,18150,1,8,1,8,1,0,1,119619,1,97,1,13679,1,4323,1,110620,1,4603,1,1,1,32,1,32,1
12,1708000,4306,9570,35.765305,,0,9,8,96,31221,8516,32016,1676779,16,203,110,1,25679,1,30,1,235591,1,149807,1,94421,1,1160451,1,10690,1,107606,1,12013,4,283663,4,78320,4,223037,4,417399,8,604001,96,4418,12,2795,1,24447,1,2655,1,0,0,0,0,0,0,0,0,102917,1,32883,1,4308,1,5110,1,47571,1,155337,1,27312,1,3206,1,5340,1,29326,1,67980,1,16316,1,14,1,9570,1,4306,1,16330,1,9570,1,48,1,1240,1,1,1,0,1,4495,1,5075,1,0,1,0,0,233999,1,381810,1,776,1,776,1,0,1,96,1,2316,1,97,1,0,1,1,1,0,1,0,1,0,1,8,1,14,1,0,1,0,1,0,1,16316,1,0,1,0,1,2756,1,17886,1,8,1,8,1,0,1,127103,1,97,1,13646,1,1914,1,109349,1,1567,1,1,1,32,1,32,1
13,1696100,4306,9570,35.728176,,0,9,8,96,31645,8597,30574,1664455,16,203,20,1,26491,1,20,1,240069,1,148354,1,93699,1,1144981,1,10821,1,107957,1,12213,4,284605,4,78700,4,216023,4,407019,8,588260,96,4208,12,2835,1,24307,1,2725,1,0,0,0,0,0,0,0,0,102065,1,32352,1,4308,1,5060,1,48753,1,158533,1,27463,1,3507,1,5270,1,29246,1,68010,1,16323,1,12,1,9570,1,4306,1,16335,1,9570,1,48,1,1240,1,1,1,0,1,4495,1,5075,1,0,1,0,0,238537,1,334950,1,776,1,776,1,0,1,96,1,2316,1,97,1,0,1,1,1,0,1,0,1,0,1,8,1,12,1,0,1,0,1,0,1,16323,1,0,1,0,1,3053,1,12936,1,8,1,8,1,0,1,125537,1,97,1,13844,1,2409,1,108971,1,1237,1,1,1,32,1,32,1
14,1819200,4307,9570,35.688324,,0,9,8,96,40466,9478,35847,1778734,16,203,130,1,30579,1,50,1,282641,1,164284,1,123597,1,1165731,1,11722,1,114038,1,12394,4,289314,4,85554,4,219490,4,405927,8,585362,96,4208,12,2936,1,23916,1,2685,1,0,0,0,0,0,0,0,0,116222,1,30518,1,5320,1,13786,1,59233,1,173722,1,35378,1,4248,1,6412,1,29506,1,71547,1,16324,1,16,1,9570,1,4307,1,16340,1,9570,1,48,1,1240,1,1,1,0,1,4495,1,5075,1,0,1,0,0,233745,1,360624,1,776,1,776,1,0,1,96,1,2316,1,97,1,0,1,1,1,0,1,0,1,0,1,8,1,16,1,0,1,0,1,0,1,16324,1,0,1,0,1,17754,1,11649,1,8,1,8,1,0,1,107751,1,97,1,14355,1,4488,1,110453,1,5758,1,1,1,32,1,32,1
15,1774300,4306,9570,35.64575,,0,9,8,96,32136,8927,33534,1742164,16,203,120,1,30398,1,90,1,252533,1,156840,1,114399,1,1176952,1,10831,1,116423,1,12654,4,302819,4,79071,4,220682,4,407299,8,588346,96,6102,12,3006,1,23385,1,2685,1,0,0,0,0,0,0,0,0,107165,1,33594,1,4909,1,5160,1,54294,1,159054,1,33805,1,3887,1,6142,1,28985,1,75034,1,16319,1,18,1,9570,1,4306,1,16337,1,9570,1,48,1,1240,1,1,1,0,1,4495,1,5075,1,0,1,0,0,229133,1,378279,1,776,1,776,1,0,1,96,1,2448,1,97,1,0,1,1,1,0,1,0,1,0,1,8,1,18,1,0,1,0,1,0,1,16319,1,0,1,0,1,3317,1,47289,1,8,1,8,1,0,1,124121,1,97,1,14372,1,1980,1,109631,1,14470,1,1,1,32,1,32,1
16,1685300,4303,9570,35.600445,,0,9,8,96,29972,8647,33464,1655328,16,203,50,1,26260,1,40,1,239548,1,146200,1,95042,1,1137417,1,10771,1,105672,1,11893,4,286498,4,78831,4,217737,4,399214,8,577295,96,6192,12,2825,1,23485,1,2615,1,0,0,0,0,0,0,0,0,102336,1,29737,1,4328,1,5030,1,48683,1,157992,1,27573,1,3497,1,5330,1,29406,1,65636,1,16322,1,18,1,9570,1,4303,1,16340,1,9570,1,48,1,1240,1,1,1,0,1,4495,1,5075,1,0,1,0,0,224034,1,303039,1,776,1,776,1,0,1,96,1,2436,1,97,1,0,1,1,1,0,1,0,1,0,1,8,1,18,1,0,1,0,1,0,1,16322,1,0,1,0,1,3086,1,9768,1,8,1,8,1,0,1,94457,1,97,1,13712,1,2112,1,107899,1,1534,1,1,1,32,1,32,1
17,1723400,4298,9570,35.552414,,0,9,8,96,29739,8557,32741,1693661,16,203,40,1,26451,1,40,1,238436,1,153113,1,95543,1,1169007,1,11031,1,106374,1,12033,4,285667,4,82057,4,216925,4,424352,8,603737,96,4799,12,5450,1,24968,1,2625,1,0,0,0,0,0,0,0,0,106183,1,32632,1,4378,1,5040,1,49084,1,156509,1,27493,1,3667,1,5350,1,29406,1,66077,1,16320,1,16,1,9570,1,4298,1,16336,1,9570,1,48,1,1240,1,1,1,0,1,4495,1,5075,1,0,1,0,0,226542,1,331023,1,774,1,774,1,0,1,96,1,2328,1,97,1,0,1,1,1,0,1,0,1,0,1,8,1,16,1,0,1,0,1,0,1,16320,1,0,1,0,1,2426,1,48147,1,8,1,8,1,0,1,103675,1,97,1,13316,1,1617,1,109796,1,16648,1,1,1,32,1,32,1
18,1706200,4298,9570,35.501663,,0,9,8,96,31896,8557,32111,1674304,16,203,50,1,26421,1,30,1,237494,1,162491,1,95373,1,1141334,1,11111,1,106073,1,12083,4,285045,4,78640,4,218428,4,403823,8,585611,96,4529,12,2905,1,23094,1,2685,1,0,0,0,0,0,0,0,0,116363,1,31711,1,4358,1,5120,1,48693,1,156109,1,27292,1,3256,1,5370,1,29036,1,66517,1,16318,1,16,1,9570,1,4298,1,16334,1,9570,1,48,1,1240,1,1,1,0,1,4495,1,5075,1,0,1,0,0,228671,1,351021,1,776,1,776,1,0,1,96,1,2316,1,97,1,0,1,1,1,0,1,0,1,0,1,8,1,16,1,0,1,0,1,0,1,16318,1,0,1,0,1,3168,1,81081,1,8,1,8,1,0,1,106054,1,97,1,13943,1,2805,1,110341,1,17539,1,1,1,32,1,32,1
19,1707500,4297,9570,35.448185,,0,9,8,96,31413,8517,31389,1676087,16,203,40,1,26390,1,40,1,241602,1,155748,1,93519,1,1147967,1,10781,1,112305,1,12053,4,285466,4,79232,4,214380,4,407039,8,585782,96,4248,12,2875,1,23455,1,2645,1,0,0,0,0,0,0,0,0,107586,1,33925,1,4348,1,5090,1,48773,1,160036,1,27412,1,3226,1,5320,1,29296,1,72539,1,16322,1,12,1,9570,1,4297,1,16334,1,9570,1,48,1,1240,1,1,1,0,1,4495,1,5075,1,0,1,0,0,228837,1,350955,1,776,1,776,1,0,1,96,1,2316,1,97,1,0,1,1,1,0,1,0,1,0,1,8,1,12,1,0,1,0,1,0,1,16322,1,0,1,0,1,2855,1,23232,1,8,1,8,1,0,1,110737,1,97,1,13910,1,3762,1,109351,1,3630,1,1,1,32,1,32,1
20,2159200,5077,9570,35.391983,,0,14,12,144,30947,9969,37690,2128253,16,263,60,1,26350,1,20,1,246682,1,220201,1,129498,1,1494600,1,10841,1,184603,1,12344,4,339169,4,78590,4,295365,4,539943,8,752552,144,45066,24,3396,1,28565,1,2655,1,0,0,0,0,0,0,0,0,154586,1,44154,1,10500,1,5080,1,48533,1,165356,1,27432,1,3817,1,27493,1,75214,1,75715,1,19225,1,232,1,9570,1,5077,1,19457,1,9570,1,48,1,1240,1,1,1,0,1,4495,1,4291,1,784,1,0,0,321284,1,404646,1,1060,1,1061,1,0,1,144,1,2700,1,145,1,0,1,0,1,1,1,0,1,1,1,12,1,0,1,36,1,0,1,196,1,19225,1,0,1,0,1,3284,1,924,1,8,1,8,1,0,1,124390,1,145,1,13778,1,1881,1,115027,1,924,1,1,1,31,1,31,1
21,2125900,4687,9570,35.333054,,0,13,10,120,34268,9618,35466,2091632,16,248,110,1,25849,1,30,1,281118,1,342345,1,114499,1,1315628,1,12053,1,127284,1,11963,4,315654,4,79432,4,251291,4,486912,8,649144,120,53592,36,3156,1,27633,1,2685,1,0,0,0,0,0,0,0,0,291468,1,31751,1,7875,1,12845,1,57550,1,175165,1,33795,1,3677,1,15860,1,31470,1,73821,1,16937,1,281,1,9570,1,4687,1,17218,1,9570,1,48,1,1240,1,1,1,0,1,2756,1,4291,1,2523,1,0,0,234811,1,376332,1,932,1,932,1,0,1,120,1,2304,1,121,1,0,1,1,1,1,1,0,1,1,1,10,1,8,1,49,1,0,1,224,1,16937,1,0,1,0,1,14206,1,12243,1,8,1,8,1,0,1,117194,1,121,1,13909,1,2343,1,113416,1,875,1,1,1,32,1,32,1
22,2034600,4536,9570,35.2714,,0,12,10,120,30555,9007,30526,2004045,16,239,140,1,30629,1,40,1,260318,1,331935,1,112876,1,1257216,1,10891,1,115621,1,11893,4,319642,4,78590,4,236332,4,453909,8,633715,120,26000,24,3006,1,26511,1,2705,1,0,0,0,0,0,0,0,0,276900,1,35438,1,6553,1,5000,1,52801,1,170817,1,31450,1,4348,1,5951,1,30679,1,72469,1,16654,1,137,1,9570,1,4536,1,16791,1,9570,1,48,1,1240,1,1,1,0,1,2756,1,4748,1,2066,1,0,0,226502,1,383691,1,908,1,908,1,0,1,120,1,2232,1,121,1,0,1,1,1,0,1,1,1,0,1,10,1,13,1,0,1,124,1,0,1,16654,1,0,1,0,1,2294,1,284196,1,8,1,8,1,0,1,113772,1,121,1,13415,1,1914,1,108113,1,15889,1,1,1,31,1,31,1
23,1937500,4464,9570,35.207024,,0,12,10,120,30661,8847,31178,1906839,16,239,70,1,26130,1,110,1,249177,1,306346,1,102957,1,1211298,1,10751,1,110912,1,12404,4,298962,4,78901,4,234168,4,436555,8,620178,120,19367,24,2976,1,24908,1,2665,1,0,0,0,0,0,0,0,0,254437,1,32663,1,5781,1,5000,1,49114,1,167731,1,27082,1,4178,1,5581,1,30408,1,68742,1,16487,1,73,1,9570,1,4464,1,16560,1,9570,1,48,1,1240,1,1,1,0,1,2756,1,4935,1,1879,1,0,0,226035,1,386331,1,884,1,884,1,0,1,120,1,2220,1,121,1,0,1,1,1,0,1,1,1,0,1,10,1,4,1,0,1,69,1,0,1,16487,1,0,1,0,1,1601,1,825,1,8,1,8,1,0,1,108207,1,121,1,13217,1,1683,1,106430,1,825,1,1,1,31,1,31,1
24,1889100,4397,9570,35.13992,,0,12,9,108,30513,8837,28242,1858587,16,239,50,1,26421,1,40,1,249608,1,250018,1,99791,1,1221748,1,10911,1,114309,1,11562,4,292069,4,78801,4,234990,4,451203,8,603136,108,54815,36,2916,1,24407,1,2655,1,0,0,0,0,0,0,0,0,201966,1,28605,1,5671,1,5010,1,49585,1,167350,1,27392,1,3797,1,5511,1,29837,1,73030,1,16064,1,305,1,9570,1,4397,1,16369,1,9570,1,48,1,1240,1,1,1,0,1,2756,1,5015,1,1799,1,0,0,222370,1,426162,1,836,1,836,1,0,1,108,1,2112,1,109,1,0,1,1,1,1,1,0,1,1,1,9,1,4,1,56,1,0,1,245,1,16064,1,0,1,0,1,2492,1,52998,1,8,1,8,1,0,1,112419,1,109,1,13547,1,4488,1,120141,1,17440,1,1,1,32,1,32,1
25,1887400,4359,9570,35.07009,,0,11,9,108,30717,8857,28934,1856683,16,227,70,1,26290,1,10,1,247814,1,273684,1,99490,1,1198403,1,10921,1,112535,1,11902,4,290346,4,78420,4,227415,4,438399,8,600721,108,36159,24,2946,1,24888,1,2695,1,0,0,0,0,0,0,0,0,221965,1,32723,1,5731,1,5040,1,49585,1,165246,1,27613,1,4028,1,5440,1,29617,1,71296,1,16056,1,209,1,9570,1,4359,1,16265,1,9570,1,48,1,1240,1,1,1,0,1,2757,1,5097,1,1716,1,0,0,217800,1,389796,1,836,1,836,1,0,1,108,1,2124,1,109,1,0,1,0,1,1,1,0,1,1,1,9,1,0,1,32,1,0,1,177,1,16056,1,0,1,0,1,2657,1,128172,1,8,1,8,1,0,1,106527,1,109,1,13217,1,4785,1,105688,1,13266,1,1,1,32,1,32,1
26,1850400,4312,9570,34.997536,,0,11,9,108,31990,8706,27793,1818410,16,227,120,1,26300,1,30,1,247423,1,265137,1,99100,1,1169448,1,10851,1,107676,1,11813,4,287300,4,78891,4,226864,4,418441,8,586553,108,30959,24,2865,1,24236,1,2655,1,0,0,0,0,0,0,0,0,214200,1,32612,1,5300,1,4959,1,49645,1,165296,1,27262,1,3186,1,5340,1,28895,1,68231,1,15990,1,179,1,9570,1,4312,1,16169,1,9570,1,48,1,1240,1,1,1,0,1,2756,1,5145,1,1669,1,0,0,212359,1,349338,1,824,1,824,1,0,1,108,1,2100,1,109,1,0,1,1,1,0,1,0,1,1,1,9,1,28,1,0,1,0,1,151,1,15990,1,0,1,0,1,1832,1,123651,1,8,1,8,1,0,1,98874,1,109,1,13547,1,5148,1,106661,1,14272,1,1,1,32,1,32,1
27,1864700,4295,9570,34.92226,,0,11,9,108,30360,8476,28393,1834340,16,227,60,1,25880,1,30,1,247293,1,287159,1,98218,1,1164799,1,10901,1,109029,1,12033,4,286308,4,78651,4,222776,4,418431,8,581764,108,31049,24,2865,1,23585,1,2645,1,0,0,0,0,0,0,0,0,238056,1,30619,1,5430,1,4949,1,49966,1,164735,1,27392,1,3857,1,5400,1,29657,1,68131,1,15966,1,157,1,9570,1,4295,1,16123,1,9570,1,48,1,1240,1,1,1,0,1,2756,1,5196,1,1618,1,0,0,210656,1,345411,1,824,1,824,1,0,1,108,1,2136,1,109,1,0,1,1,1,0,1,0,1,1,1,9,1,8,1,0,1,0,1,149,1,15966,1,0,1,0,1,2063,1,294294,1,8,1,8,1,0,1,93325,1,109,1,13118,1,3828,1,104433,1,14602,1,1,1,32,1,32,1
28,2151100,4934,9570,34.844257,,0,14,11,132,29981,9649,33203,2121119,16,263,40,1,26701,1,30,1,247774,1,323940,1,123877,1,1387756,1,11001,1,132343,1,12584,4,331384,4,78280,4,269265,4,521698,8,691173,132,66587,36,3286,1,26551,1,2715,1,0,0,0,0,0,0,0,0,263244,1,37001,1,9759,1,4939,1,50116,1,164986,1,27412,1,4198,1,8576,1,38123,1,79032,1,18359,1,400,1,9570,1,4934,1,18759,1,9570,1,48,1,1240,1,1,1,0,1,2761,1,4556,1,2253,1,0,0,253076,1,399399,1,991,1,992,1,0,1,132,1,2436,1,133,1,0,1,1,1,0,1,0,1,2,1,11,1,20,1,0,1,0,1,380,1,18359,1,0,1,0,1,2030,1,260931,1,8,1,8,1,0,1,117696,1,133,1,13514,1,528,1,123409,1,14569,1,1,1,32,1,32,1
29,2157100,4786,9570,34.763527,,0,15,11,132,31142,9188,33544,2125958,16,275,100,1,25920,1,30,1,252704,1,360800,1,118607,1,1356886,1,10911,1,134057,1,11943,4,320603,4,78550,4,260669,4,508152,8,685572,132,49705,48,3346,1,27703,1,2675,1,0,0,0,0,0,0,0,0,303290,1,36700,1,6993,1,4949,1,50176,1,170106,1,27212,1,3787,1,14848,1,32462,1,80805,1,17137,1,243,1,9570,1,4786,1,17380,1,9570,1,48,1,1240,1,1,1,0,1,2156,1,4210,1,3204,1,0,0,250854,1,418605,1,988,1,991,1,0,1,132,1,2340,1,133,1,0,1,2,1,0,1,1,1,1,1,11,1,8,1,0,1,64,1,171,1,17137,1,0,1,0,1,2294,1,209055,1,8,1,8,1,0,1,119689,1,133,1,13778,1,396,1,121297,1,14173,1,1,1,32,1,32,1
30,2068200,4665,9570,34.680073,,0,14,11,132,30701,9127,32059,2037499,16,263,90,1,25839,1,10,1,253746,1,340441,1,115301,1,1291211,1,10861,1,117425,1,12444,4,312899,4,79442,4,250399,4,477794,8,660837,132,35298,36,3096,1,25930,1,2655,1,0,0,0,0,0,0,0,0,283162,1,35638,1,6613,1,4990,1,50457,1,170837,1,27212,1,4098,1,5771,1,31991,1,73390,1,16875,1,161,1,9570,1,4665,1,17036,1,9570,1,48,1,1240,1,1,1,0,1,2156,1,4524,1,2890,1,0,0,233892,1,432432,1,980,1,980,1,0,1,132,1,2292,1,133,1,0,1,1,1,1,1,1,1,0,1,11,1,4,1,36,1,121,1,0,1,16875,1,0,1,0,1,2327,1,162987,1,8,1,8,1,0,1,110089,1,133,1,13745,1,528,1,107452,1,13959,1,1,1,32,1,32,1
31,2076300,4617,9570,34.593895,,0,14,11,132,31146,9148,31890,2045154,16,263,80,1,25669,1,30,1,251361,1,352034,1,113126,1,1291702,1,11151,1,119809,1,12925,4,308921,4,79011,4,250960,4,479237,8,659063,132,39245,36,3166,1,25870,1,2655,1,0,0,0,0,0,0,0,0,295686,1,34746,1,6302,1,4959,1,49996,1,168583,1,27533,1,3907,1,5741,1,31400,1,76306,1,16641,1,196,1,9570,1,4617,1,16837,1,9570,1,48,1,1240,1,1,1,0,1,2156,1,4741,1,2673,1,0,0,237609,1,418374,1,956,1,956,1,0,1,132,1,2268,1,133,1,0,1,1,1,1,1,0,1,1,1,11,1,4,1,36,1,0,1,156,1,16641,1,0,1,0,1,2591,1,270468,1,8,1,8,1,0,1,120659,1,133,1,13745,1,5346,1,111760,1,15147,1,1,1,32,1,32,1
32,2074800,4578,9570,34.504993,,0,14,11,132,30929,9127,33262,2043871,16,263,90,1,25639,1,40,1,250109,1,334169,1,111894,1,1311119,1,10811,1,118857,1,12294,4,306476,4,78711,4,254126,4,499756,8,681105,132,39516,36,3076,1,26050,1,2645,1,0,0,0,0,0,0,0,0,282380,1,30669,1,6042,1,4990,1,50156,1,167671,1,27042,1,3998,1,5681,1,31500,1,75264,1,16423,1,174,1,9570,1,4578,1,16597,1,9570,1,48,1,1240,1,1,1,0,1,2156,1,4836,1,2578,1,0,0,239912,1,461736,1,942,1,942,1,0,1,132,1,2256,1,133,1,0,1,1,1,1,1,0,1,1,1,11,1,4,1,36,1,0,1,134,1,16423,1,0,1,0,1,2459,1,140514,1,8,1,8,1,0,1,127193,1,133,1,13712,1,9471,1,108344,1,14812,1,1,1,31,1,31,1
33,2164400,4536,9570,34.413364,,0,14,10,120,40997,9428,35656,2123403,16,263,130,1,30849,1,40,1,286238,1,345441,1,139597,1,1309436,1,11672,1,117926,1,12133,4,306296,4,78931,4,257112,4,496420,8,643003,120,74873,48,3156,1,25379,1,2655,1,0,0,0,0,0,0,0,0,286488,1,36330,1,6472,1,14307,1,58442,1,176999,1,35428,1,4990,1,5901,1,33454,1,71006,1,16013,1,407,1,9570,1,4536,1,16420,1,9570,1,48,1,1240,1,1,1,0,1,2156,1,4905,1,2509,1,0,0,255827,1,402072,1,908,1,908,1,0,1,120,1,2208,1,121,1,0,1,1,1,1,1,1,1,1,1,10,1,4,1,33,1,116,1,254,1,16013,1,0,1,0,1,14272,1,176286,1,8,1,8,1,0,1,111618,1,121,1,13249,1,6171,1,134767,1,14867,1,1,1,31,1,31,1
34,2269600,5039,9570,34.31901,,0,14,11,132,30666,9729,34946,2238934,16,263,70,1,30538,1,40,1,260999,1,373725,1,140809,1,1421931,1,10821,1,127864,1,12294,4,351623,4,79021,4,272501,4,533521,8,707435,132,63641,36,3497,1,29266,1,2615,1,0,0,0,0,0,0,0,0,314231,1,34897,1,9518,1,5010,1,53362,1,170536,1,31801,1,5000,1,8146,1,36570,1,75835,1,18101,1,392,1,9570,1,5039,1,18493,1,9570,1,48,1,1240,1,1,1,0,1,2157,1,4383,1,3030,1,0,0,255668,1,422334,1,1026,1,1027,1,0,1,132,1,2472,1,133,1,0,1,0,1,1,1,1,1,1,1,11,1,0,1,32,1,120,1,240,1,18101,1,0,1,0,1,2195,1,1254,1,8,1,8,1,0,1,110606,1,133,1,13481,1,924,1,122732,1,1254,1,1,1,31,1,31,1
35,2207100,4827,9570,34.221935,,0,14,11,132,31878,9438,35005,2175222,16,263,50,1,25930,1,50,1,262162,1,400927,1,124508,1,1350755,1,10841,1,124669,1,14037,4,326735,4,78681,4,260939,4,501389,8,684773,132,42551,36,3216,1,29036,1,2615,1,0,0,0,0,0,0,0,0,342025,1,35468,1,7785,1,4929,1,50457,1,179153,1,27362,1,4118,1,9107,1,33093,1,76256,1,16826,1,199,1,9570,1,4827,1,17025,1,9570,1,48,1,1240,1,1,1,0,1,1650,1,4170,1,3750,1,0,0,254720,1,407583,1,1002,1,1002,1,0,1,132,1,2364,1,133,1,0,1,1,1,1,1,0,1,1,1,11,1,16,1,40,1,0,1,143,1,16826,1,0,1,0,1,2195,1,202059,1,8,1,8,1,0,1,115726,1,133,1,13646,1,6072,1,119696,1,15757,1,1,1,32,1,32,1
36,2164100,4630,9570,34.12213,,0,13,10,120,31028,9538,32090,2133072,16,251,40,1,26010,1,50,1,262142,1,375909,1,118928,1,1339102,1,10891,1,123356,1,12294,4,312508,4,79121,4,259206,4,510717,8,669032,120,68802,36,3126,1,26561,1,2675,1,0,0,0,0,0,0,0,0,316506,1,35047,1,7414,1,5070,1,49895,1,179363,1,27392,1,4408,1,5841,1,31791,1,78681,1,15924,1,381,1,9570,1,4630,1,16305,1,9570,1,48,1,1240,1,1,1,0,1,1650,1,4422,1,3498,1,0,0,239170,1,448305,1,932,1,932,1,0,1,120,1,2244,1,121,1,0,1,1,1,0,1,1,1,1,1,10,1,28,1,0,1,100,1,253,1,15924,1,0,1,0,1,3053,1,174735,1,8,1,8,1,0,1,128651,1,121,1,13844,1,6336,1,120752,1,14256,1,1,1,32,1,32,1
37,2055200,4510,9570,34.019604,,0,13,10,120,30696,9017,31960,2024504,16,251,60,1,26501,1,40,1,259747,1,353486,1,114679,1,1259159,1,10831,1,114279,1,12223,4,301026,4,79342,4,244919,4,466964,8,629516,120,50406,36,3076,1,25669,1,2645,1,0,0,0,0,0,0,0,0,295796,1,33194,1,7094,1,4980,1,50056,1,176678,1,27753,1,4128,1,5691,1,31069,1,71186,1,15468,1,267,1,9570,1,4510,1,15735,1,9570,1,48,1,1240,1,1,1,0,1,1651,1,4643,1,3276,1,0,0,232290,1,381051,1,920,1,920,1,0,1,120,1,2148,1,121,1,0,1,1,1,1,1,0,1,1,1,10,1,8,1,48,1,0,1,211,1,15468,1,0,1,0,1,2360,1,95106,1,8,1,8,1,0,1,105867,1,121,1,13349,1,5412,1,112634,1,13992,1,1,1,31,1,31,1
38,2038800,4408,9570,33.91435,,0,13,10,120,30848,8877,33592,2007952,16,251,30,1,25579,1,20,1,256110,1,329621,1,112906,1,1272735,1,10951,1,112505,1,12494,4,297730,4,81837,4,250970,4,476562,8,643533,120,50406,36,3076,1,26040,1,2645,1,0,0,0,0,0,0,0,0,274155,1,30739,1,7043,1,4980,1,48984,1,174664,1,27232,1,4028,1,5531,1,30338,1,70465,1,15140,1,253,1,9570,1,4408,1,15393,1,9570,1,48,1,1240,1,1,1,0,1,1667,1,4873,1,3030,1,0,0,236391,1,388905,1,896,1,896,1,0,1,120,1,2124,1,121,1,0,1,1,1,1,1,0,1,1,1,10,1,8,1,40,1,0,1,205,1,15140,1,0,1,0,1,2574,1,52272,1,8,1,8,1,0,1,107882,1,121,1,12392,1,1287,1,117205,1,14338,1,1,1,31,1,31,1
39,2231900,4880,9570,33.806374,,0,14,11,132,31469,9558,34292,2200431,16,263,40,1,26210,1,20,1,258485,1,383053,1,132263,1,1389429,1,10931,1,125620,1,12794,4,333618,4,81877,4,274195,4,518302,8,699222,132,58983,36,3296,1,27543,1,2625,1,0,0,0,0,0,0,0,0,320433,1,34266,1,10550,1,4990,1,50807,1,174985,1,27432,1,4208,1,7605,1,36219,1,75344,1,16972,1,316,1,9570,1,4880,1,17288,1,9570,1,48,1,1240,1,1,1,0,1,1677,1,4489,1,3404,1,0,0,246962,1,436227,1,1015,1,1015,1,0,1,132,1,2376,1,133,1,0,1,1,1,0,1,1,1,1,1,11,1,12,1,0,1,100,1,204,1,16972,1,0,1,0,1,1865,1,660,1,8,1,8,1,0,1,114987,1,133,1,13250,1,4455,1,113905,1,660,1,1,1,32,1,32,1
40,2332200,4979,9570,33.69567,,0,14,11,132,31167,9759,34554,2301033,16,263,40,1,25429,1,50,1,259877,1,445943,1,133676,1,1425037,1,10981,1,148234,1,12544,4,337646,4,79342,4,270989,4,531327,8,711043,132,56719,36,3326,1,29186,1,2685,1,0,0,0,0,0,0,0,0,380919,1,36951,1,11121,1,4970,1,50166,1,176768,1,27703,1,4108,1,7775,1,36540,1,97347,1,16970,1,251,1,9570,1,4979,1,17221,1,9570,1,48,1,1240,1,1,1,0,1,1236,1,3941,1,4393,1,0,0,248910,1,491139,1,1028,1,1028,1,0,1,132,1,2484,1,133,1,0,1,1,1,1,1,0,1,1,1,11,1,16,1,55,1,0,1,180,1,16970,1,0,1,0,1,2162,1,168300,1,8,1,8,1,0,1,136405,1,133,1,14372,1,5445,1,123127,1,14800,1,1,1,32,1,32,1
41,2306400,4855,9570,33.58224,,0,14,11,132,30134,9578,35094,2276266,16,263,40,1,26160,1,30,1,259396,1,428139,1,129117,1,1422382,1,11001,1,120280,1,12324,4,328178,4,79502,4,273343,4,565111,8,735391,132,67970,36,3216,1,28184,1,2665,1,0,0,0,0,0,0,0,0,365750,1,36269,1,8126,1,5080,1,50958,1,175255,1,27763,1,3837,1,6062,1,33153,1,75054,1,16229,1,324,1,9570,1,4855,1,16553,1,9570,1,48,1,1240,1,1,1,0,1,1241,1,4196,1,4133,1,0,0,271568,1,508266,1,1004,1,1004,1,0,1,132,1,2364,1,133,1,0,1,0,1,1,1,1,1,1,1,11,1,0,1,36,1,79,1,209,1,16229,1,0,1,0,1,2558,1,92268,1,8,1,8,1,0,1,136985,1,133,1,16748,1,6303,1,141773,1,13497,1,1,1,32,1,32,1
42,2206200,4689,9570,33.466087,,0,15,10,120,30206,9308,32871,2175994,16,275,30,1,26010,1,40,1,258414,1,388794,1,124398,1,1367116,1,11191,1,117605,1,12324,4,317137,4,79171,4,265889,4,531166,8,669253,120,94932,60,3186,1,28675,1,2655,1,0,0,0,0,0,0,0,0,328709,1,34356,1,7324,1,4970,1,50887,1,174504,1,27753,1,4068,1,5881,1,32282,1,73130,1,15337,1,474,1,9570,1,4689,1,15811,1,9570,1,48,1,1240,1,1,1,0,1,1278,1,4489,1,3803,1,0,0,271794,1,416559,1,943,1,944,1,0,1,120,1,2244,1,121,1,0,1,2,1,0,1,1,1,2,1,10,1,22,1,0,1,69,1,383,1,15337,1,0,1,0,1,2195,1,25047,1,8,1,8,1,0,1,110019,1,121,1,13580,1,4389,1,154446,1,2755,1,1,1,32,1,32,1
43,2200300,4655,9570,33.34721,,0,14,10,120,31109,9358,31109,2169191,16,263,40,1,26310,1,30,1,259236,1,406828,1,123556,1,1342228,1,10961,1,118667,1,12183,4,312939,4,79101,4,259547,4,516228,8,654103,120,90563,48,3126,1,28434,1,2645,1,0,0,0,0,0,0,0,0,345962,1,34526,1,7364,1,4919,1,51719,1,174664,1,27653,1,4328,1,5941,1,32051,1,74122,1,15071,1,491,1,9570,1,4655,1,15562,1,9570,1,48,1,1240,1,1,1,0,1,1283,1,4672,1,3615,1,0,0,273179,1,356598,1,942,1,943,1,0,1,120,1,2172,1,121,1,0,1,1,1,0,1,1,1,2,1,10,1,20,1,0,1,77,1,394,1,15071,1,0,1,0,1,2558,1,165924,1,8,1,8,1,0,1,90402,1,121,1,13481,1,4785,1,154677,1,15048,1,1,1,31,1,31,1
44,2335100,5072,9570,33.22561,,0,14,12,144,30500,9819,36609,2304600,16,263,140,1,26250,1,20,1,258675,1,440894,1,140138,1,1427361,1,11121,1,131522,1,12624,4,343457,4,79622,4,273724,4,539913,8,741200,144,35829,24,3376,1,30669,1,2635,1,0,0,0,0,0,0,0,0,371581,1,39125,1,10520,1,4970,1,50146,1,175586,1,27653,1,4268,1,7715,1,37201,1,79783,1,17087,1,192,1,9570,1,5072,1,17279,1,9570,1,48,1,1240,1,1,1,0,1,1383,1,4323,1,3864,1,0,0,250908,1,450747,1,1074,1,1075,1,0,1,144,1,2472,1,145,1,0,1,0,1,1,1,0,1,1,1,12,1,0,1,40,1,0,1,152,1,17087,1,0,1,0,1,2525,1,215820,1,8,1,8,1,0,1,120220,1,145,1,13679,1,1947,1,107634,1,13398,1,1,1,32,1,32,1
45,2346800,5053,9570,33.10128,,0,14,12,144,30618,9759,34985,2316182,16,263,110,1,25910,1,30,1,262402,1,449801,1,135950,1,1431048,1,10931,1,132583,1,12624,4,352995,4,79823,4,278994,4,526658,8,736801,144,33865,24,3857,1,31130,1,2625,1,0,0,0,0,0,0,0,0,384706,1,36550,1,10781,1,4909,1,51599,1,178061,1,27493,1,4158,1,12284,1,34777,1,79011,1,17008,1,164,1,9570,1,5053,1,17172,1,9570,1,48,1,1240,1,1,1,0,1,907,1,3904,1,4759,1,0,0,245929,1,535689,1,1088,1,1088,1,0,1,144,1,2472,1,145,1,0,1,0,1,1,1,1,1,0,1,12,1,0,1,39,1,125,1,0,1,17008,1,0,1,0,1,2195,1,62898,1,8,1,8,1,0,1,146448,1,145,1,13481,1,5445,1,107123,1,13497,1,1,1,32,1,32,1
46,2255300,4767,9570,32.974224,,0,14,11,132,30813,9338,33973,2224487,16,263,110,1,25910,1,30,1,264536,1,432478,1,129879,1,1360774,1,10771,1,119158,1,12674,4,322667,4,79652,4,271650,4,510908,8,697166,132,51418,36,3266,1,28825,1,2635,1,0,0,0,0,0,0,0,0,369627,1,35598,1,9107,1,5030,1,50637,1,180966,1,27623,1,4118,1,5971,1,32933,1,73841,1,15752,1,224,1,9570,1,4767,1,15976,1,9570,1,48,1,1240,1,1,1,0,1,905,1,4118,1,4547,1,0,0,245663,1,481866,1,1004,1,1004,1,0,1,132,1,2316,1,133,1,0,1,1,1,1,1,0,1,1,1,11,1,8,1,62,1,0,1,154,1,15752,1,0,1,0,1,1964,1,26565,1,8,1,8,1,0,1,126801,1,133,1,13514,1,5346,1,115686,1,2722,1,1,1,32,1,32,1
47,2171100,4624,9570,32.844448,,0,14,11,132,31546,9318,35747,2139554,16,263,120,1,26070,1,70,1,261771,1,391299,1,124969,1,1324304,1,10951,1,115411,1,13215,4,314021,4,79873,4,256471,4,502311,8,690052,132,32983,36,3126,1,27903,1,2655,1,0,0,0,0,0,0,0,0,330332,1,33504,1,8216,1,4889,1,49865,1,179313,1,27463,1,3306,1,5821,1,31540,1,72569,1,15050,1,148,1,9570,1,4624,1,15198,1,9570,1,48,1,1240,1,1,1,0,1,967,1,4489,1,4114,1,0,0,243191,1,382437,1,991,1,991,1,0,1,132,1,2256,1,133,1,0,1,2,1,0,1,1,1,0,1,11,1,33,1,0,1,115,1,0,1,15050,1,0,1,0,1,3680,1,18612,1,8,1,8,1,0,1,106389,1,133,1,13382,1,1023,1,108278,1,1237,1,1,1,32,1,32,1
48,2297200,4898,9570,32.711945,,0,15,11,132,31184,9629,33864,2266016,16,275,60,1,26210,1,120,1,261019,1,431616,1,134407,1,1401682,1,10901,1,128516,1,12905,4,330703,4,79592,4,275177,4,529102,8,711814,132,58602,48,3446,1,29957,1,2655,1,0,0,0,0,0,0,0,0,363025,1,36440,1,10921,1,5000,1,51008,1,177009,1,27713,1,4038,1,6793,1,35438,1,79662,1,16050,1,317,1,9570,1,4898,1,16367,1,9570,1,48,1,1240,1,1,1,0,1,1098,1,4346,1,4126,1,0,0,254128,1,481437,1,1016,1,1016,1,0,1,132,1,2328,1,133,1,0,1,2,1,0,1,1,1,1,1,11,1,24,1,0,1,108,1,185,1,16050,1,0,1,0,1,2327,1,133353,1,8,1,8,1,0,1,132735,1,133,1,15890,1,6897,1,125340,1,13332,1,1,1,32,1,32,1
49,2336700,5015,9570,32.576717,,0,14,11,132,30457,9809,35347,2306243,16,263,30,1,26010,1,30,1,264015,1,458207,1,140118,1,1407042,1,10791,1,126973,1,12474,4,339440,4,79121,4,274656,4,529153,8,715811,132,52650,36,3396,1,29386,1,2635,1,0,0,0,0,0,0,0,0,390658,1,36830,1,11602,1,4990,1,50136,1,181187,1,27402,1,4458,1,7474,1,35819,1,76967,1,16568,1,267,1,9570,1,5015,1,16835,1,9570,1,48,1,1240,1,1,1,0,1,687,1,3941,1,4942,1,0,0,257228,1,436722,1,1040,1,1040,1,0,1,132,1,2472,1,133,1,0,1,1,1,1,1,0,1,1,1,11,1,6,1,60,1,0,1,201,1,16568,1,0,1,0,1,2063,1,693,1,8,1,8,1,0,1,113946,1,133,1,13514,1,3762,1,127551,1,693,1,1,1,32,1,32,1
50,2343000,4836,9570,32.438763,,0,13,11,132,33130,10160,38012,2309870,16,251,60,1,30719,1,70,1,282741,1,449871,1,151099,1,1383668,1,11642,1,123697,1,13315,4,353086,4,86435,4,263925,4,498073,8,692927,132,31059,24,3727,1,28565,1,2685,1,0,0,0,0,0,0,0,0,389195,1,30979,1,9508,1,5641,1,57260,1,185144,1,34185,1,4689,1,6593,1,33123,1,76737,1,16027,1,155,1,9570,1,4836,1,16182,1,9570,1,48,1,1240,1,1,1,0,1,662,1,4246,1,4662,1,0,0,241547,1,440550,1,1016,1,1016,1,0,1,132,1,2388,1,133,1,0,1,1,1,0,1,0,1,1,1,11,1,22,1,0,1,0,1,133,1,16027,1,0,1,0,1,5577,1,238788,1,8,1,8,1,0,1,120493,1,133,1,13431,1,9537,1,107681,1,14965,1,1,1,32,1,32,1
51,2310100,4704,9570,32.298084,,0,13,10,120,30578,9328,33252,2279522,16,251,90,1,30859,1,60,1,277982,1,452396,1,151790,1,1355474,1,10871,1,121042,1,12774,4,337726,4,79422,4,262703,4,497813,8,659974,120,67289,36,3186,1,28865,1,2615,1,0,0,0,0,0,0,0,0,389395,1,34686,1,8506,1,5290,1,56698,1,181127,1,34646,1,4479,1,6683,1,32422,1,75014,1,15237,1,316,1,9570,1,4704,1,15553,1,9570,1,48,1,1240,1,1,1,0,1,728,1,4510,1,4332,1,0,0,231927,1,445731,1,956,1,956,1,0,1,120,1,2268,1,121,1,0,1,1,1,1,1,0,1,1,1,10,1,12,1,60,1,0,1,244,1,15237,1,0,1,0,1,2195,1,244068,1,8,1,8,1,0,1,104508,1,121,1,13646,1,2112,1,114235,1,15460,1,1,1,32,1,32,1
52,2258900,4886,9570,32.154682,,0,14,11,132,30456,9519,34103,2228444,16,263,120,1,26250,1,40,1,263053,1,440383,1,135048,1,1352638,1,10911,1,123987,1,12784,4,330332,4,79332,4,262252,4,500167,8,688991,132,39325,36,3196,1,28444,1,2625,1,0,0,0,0,0,0,0,0,370990,1,38003,1,10210,1,4970,1,51539,1,178512,1,27733,1,4088,1,6472,1,34827,1,76376,1,16269,1,179,1,9570,1,4886,1,16448,1,9570,1,48,1,1240,1,1,1,0,1,978,1,4409,1,4183,1,0,0,232657,1,443421,1,1003,1,1003,1,0,1,132,1,2400,1,133,1,0,1,1,1,1,1,0,1,1,1,11,1,4,1,47,1,0,1,128,1,16269,1,0,1,0,1,2921,1,72897,1,8,1,8,1,0,1,119687,1,133,1,13448,1,3036,1,106627,1,14008,1,1,1,32,1,32,1
53,2461400,4850,9570,32.008553,,0,13,10,120,35533,9839,42550,2425867,16,251,40,1,30629,1,60,1,275447,1,443388,1,162030,1,1502370,1,11903,1,126191,1,13556,4,354799,4,86165,4,306201,4,552998,8,747197,120,69453,36,5871,1,42952,1,3797,1,0,0,0,0,0,0,0,0,375949,1,36330,1,11211,1,5420,1,54785,1,181137,1,33805,1,4689,1,7154,1,33524,1,78440,1,16018,1,321,1,9570,1,4850,1,16339,1,9570,1,48,1,1240,1,1,1,0,1,476,1,4174,1,4920,1,0,0,270298,1,493631,1,955,1,955,1,0,1,120,1,2400,1,121,1,0,1,1,1,0,1,1,1,1,1,10,1,6,1,0,1,78,1,237,1,16018,1,0,1,0,1,2706,1,726,1,8,1,8,1,0,1,117274,1,121,1,13167,1,3135,1,127446,1,726,1,1,1,32,1,32,1
54,2263300,4701,9570,31.8597,,0,12,10,120,30668,9368,32220,2232632,16,239,90,1,30188,1,40,1,276910,1,453638,1,139838,1,1321048,1,10881,1,126001,1,12494,4,317678,4,79222,4,254948,4,486120,8,661497,120,47351,24,3196,1,29336,1,2685,1,0,0,0,0,0,0,0,0,388293,1,36790,1,9358,1,5230,1,55757,1,181227,1,34366,1,4689,1,5841,1,32242,1,80785,1,15414,1,245,1,9570,1,4701,1,15659,1,9570,1,48,1,1240,1,1,1,0,1,484,1,4416,1,4670,1,0,0,238691,1,435435,1,944,1,944,1,0,1,120,1,2304,1,121,1,0,1,0,1,1,1,0,1,1,1,10,1,0,1,51,1,0,1,194,1,15414,1,0,1,0,1,2129,1,195426,1,8,1,8,1,0,1,126766,1,121,1,14042,1,5610,1,117898,1,13975,1,1,1,32,1,32,1
55,2188700,4656,9570,31.70812,,0,12,10,120,32484,9308,32700,2156216,16,239,90,1,25439,1,30,1,265799,1,427268,1,131532,1,1295239,1,10821,1,118677,1,12835,4,315844,4,79562,4,248926,4,475420,8,654815,120,36830,24,3126,1,28895,1,2645,1,0,0,0,0,0,0,0,0,365389,1,32612,1,9418,1,4919,1,50757,1,182008,1,27823,1,4338,1,5921,1,32212,1,74052,1,15219,1,176,1,9570,1,4656,1,15395,1,9570,1,48,1,1240,1,1,1,0,1,628,1,4573,1,4369,1,0,0,223547,1,378411,1,932,1,932,1,0,1,120,1,2280,1,121,1,0,1,1,1,0,1,0,1,1,1,10,1,24,1,0,1,0,1,152,1,15219,1,0,1,0,1,2624,1,54516,1,8,1,8,1,0,1,99674,1,121,1,13382,1,2838,1,106810,1,15642,1,1,1,31,1,31,1
56,2229700,4755,9570,31.553818,,0,12,10,120,31163,9288,33011,2198537,16,239,50,1,26250,1,60,1,267682,1,455431,1,130059,1,1308073,1,10931,1,120380,1,12193,4,320373,4,79362,4,253475,4,479357,8,662871,120,36951,24,3186,1,27803,1,2655,1,0,0,0,0,0,0,0,0,388504,1,34767,1,12093,1,4990,1,52040,1,182409,1,27964,1,3998,1,6302,1,33224,1,74663,1,15858,1,186,1,9570,1,4755,1,16044,1,9570,1,48,1,1240,1,1,1,0,1,648,1,4398,1,4524,1,0,0,217490,1,373395,1,944,1,944,1,0,1,120,1,2340,1,121,1,0,1,1,1,0,1,0,1,1,1,10,1,22,1,0,1,0,1,164,1,15858,1,0,1,0,1,2657,1,228690,1,8,1,8,1,0,1,101757,1,121,1,13085,1,6600,1,106165,1,14767,1,1,1,32,1,32,1
57,2222900,4733,9570,31.39679,,0,14,10,120,29673,9338,32389,2193227,16,263,60,1,25950,1,40,1,262643,1,437086,1,130049,1,1326578,1,10821,1,116583,1,12644,4,319241,4,81386,4,253906,4,498534,8,674203,120,45848,48,3096,1,29176,1,2675,1,0,0,0,0,0,0,0,0,375569,1,33594,1,9548,1,4990,1,49605,1,179574,1,28174,1,4288,1,6152,1,32673,1,71316,1,15838,1,191,1,9570,1,4733,1,16029,1,9570,1,48,1,1240,1,1,1,0,1,431,1,4530,1,4609,1,0,0,247699,1,396561,1,932,1,932,1,0,1,120,1,2304,1,121,1,0,1,2,1,1,1,1,1,0,1,10,1,16,1,51,1,124,1,0,1,15838,1,0,1,0,1,2591,1,792,1,8,1,8,1,0,1,111637,1,121,1,12953,1,3663,1,125536,1,792,1,1,1,32,1,32,1
58,2192500,4658,9570,31.237036,,0,13,10,120,31986,9137,32993,2160514,16,251,60,1,26090,1,30,1,266380,1,433459,1,127143,1,1296281,1,11071,1,117946,1,12764,4,317157,4,79622,4,252393,4,473817,8,662317,120,30899,36,3146,1,27623,1,2675,1,0,0,0,0,0,0,0,0,371791,1,34356,1,8947,1,4899,1,50767,1,182589,1,27833,1,4018,1,5801,1,31891,1,74082,1,15576,1,134,1,9570,1,4658,1,15710,1,9570,1,48,1,1240,1,1,1,0,1,461,1,4594,1,4515,1,0,0,221815,1,428802,1,919,1,919,1,0,1,120,1,2304,1,121,1,0,1,2,1,0,1,1,1,0,1,10,1,31,1,0,1,103,1,0,1,15576,1,0,1,0,1,2228,1,30063,1,8,1,8,1,0,1,116571,1,121,1,13349,1,6633,1,106578,1,1270,1,1,1,32,1,32,1
59,2217700,4682,9570,31.074558,,0,14,10,120,32729,9458,31679,2184971,16,263,60,1,26020,1,30,1,267312,1,425274,1,127584,1,1327560,1,11131,1,116393,1,12754,4,317137,4,79612,4,263885,4,493865,8,685213,120,40858,48,3146,1,28665,1,2645,1,0,0,0,0,0,0,0,0,361051,1,33935,1,11562,1,4919,1,51639,1,182870,1,27593,1,4018,1,5981,1,32422,1,71827,1,15769,1,151,1,9570,1,4682,1,15920,1,9570,1,48,1,1240,1,1,1,0,1,528,1,4536,1,4506,1,0,0,225287,1,386661,1,920,1,920,1,0,1,120,1,2304,1,121,1,0,1,2,1,1,1,1,1,0,1,10,1,14,1,42,1,95,1,0,1,15769,1,0,1,0,1,2789,1,68805,1,8,1,8,1,0,1,102663,1,121,1,13250,1,2475,1,107486,1,13827,1,1,1,32,1,32,1
60,2261100,4642,9570,30.909355,,0,13,10,120,31203,9468,34455,2229897,16,251,20,1,26050,1,30,1,264526,1,419453,1,125460,1,1383427,1,10931,1,116733,1,13265,4,334580,4,81416,4,266570,4,525646,8,729688,120,28074,36,3587,1,29466,1,2695,1,0,0,0,0,0,0,0,0,358516,1,33194,1,9258,1,4959,1,50697,1,181147,1,27432,1,4288,1,5911,1,31941,1,72449,1,15871,1,121,1,9570,1,4642,1,15992,1,9570,1,48,1,1240,1,1,1,0,1,531,1,4677,1,4362,1,0,0,235464,1,496617,1,917,1,917,1,0,1,120,1,2316,1,121,1,0,1,2,1,0,1,1,1,0,1,10,1,35,1,0,1,86,1,0,1,15871,1,0,1,0,1,1766,1,77352,1,8,1,8,1,0,1,131172,1,121,1,13712,1,6501,1,113286,1,13299,1,1,1,32,1,32,1
61,2204500,4557,9570,30.741426,,0,12,9,108,32414,6923,30518,2172086,16,239,150,1,25779,1,20,1,267752,1,427518,1,127524,1,1312431,1,10911,1,108067,1,11632,4,355480,4,78891,4,248786,4,470190,8,630587,108,57871,36,3086,1,26270,1,3106,1,0,0,0,0,0,0,0,0,366171,1,34025,1,9558,1,5070,1,52010,1,182409,1,27913,1,3737,1,4408,1,31711,1,65986,1,15392,1,289,1,9570,1,4557,1,15681,1,9570,1,48,1,1240,1,1,1,0,1,492,1,4791,1,4287,1,0,0,214697,1,383295,1,870,1,871,1,0,1,108,1,2244,1,109,1,0,1,1,1,0,1,1,1,1,1,9,1,16,1,0,1,68,1,205,1,15392,1,0,1,0,1,2360,1,196119,1,8,1,8,1,0,1,104012,1,109,1,13217,1,4521,1,113476,1,13035,1,1,1,32,1,32,1
62,2159100,4591,9570,30.570772,,0,12,9,108,31709,8366,31980,2127391,16,239,40,1,26340,1,60,1,263965,1,429081,1,125610,1,1271383,1,10911,1,114649,1,11823,4,308190,4,78841,4,248165,4,467465,8,636990,108,46659,36,3066,1,28104,1,2715,1,0,0,0,0,0,0,0,0,369036,1,33504,1,9378,1,4949,1,50056,1,181317,1,27342,1,3587,1,5801,1,32091,1,70956,1,15725,1,211,1,9570,1,4591,1,15936,1,9570,1,48,1,1240,1,1,1,0,1,546,1,4753,1,4271,1,0,0,219731,1,345213,1,860,1,860,1,0,1,108,1,2268,1,109,1,0,1,1,1,1,1,0,1,1,1,9,1,11,1,48,1,0,1,152,1,15725,1,0,1,0,1,2492,1,172359,1,8,1,8,1,0,1,101114,1,109,1,13497,1,396,1,111742,1,12672,1,1,1,32,1,32,1
63,2115700,4578,9570,30.397394,,0,12,9,108,30780,6773,31588,2084920,16,239,40,1,26240,1,30,1,263624,1,404825,1,128837,1,1250313,1,11011,1,113437,1,11943,4,309192,4,79352,4,244067,4,452105,8,622704,108,41880,36,3136,1,27643,1,2665,1,0,0,0,0,0,0,0,0,345732,1,32863,1,8637,1,4929,1,51038,1,179614,1,27753,1,3617,1,5551,1,31550,1,70575,1,15738,1,184,1,9570,1,4578,1,15922,1,9570,1,48,1,1240,1,1,1,0,1,790,1,4814,1,3966,1,0,0,215672,1,338019,1,869,1,872,1,0,1,108,1,2292,1,109,1,0,1,2,1,0,1,0,1,1,1,9,1,30,1,0,1,0,1,154,1,15738,1,0,1,0,1,2624,1,71643,1,8,1,8,1,0,1,90273,1,109,1,13580,1,6600,1,110902,1,15097,1,1,1,32,1,32,1
64,2183600,4530,9570,30.22129,,0,11,9,108,38375,11462,32582,2145225,16,227,120,1,30809,1,30,1,287670,1,445012,1,144587,1,1225916,1,11081,1,113698,1,12504,4,303110,4,79682,4,237815,4,436816,8,616750,108,25298,24,3076,1,24988,1,2765,1,0,0,0,0,0,0,0,0,384105,1,34306,1,8126,1,13346,1,56719,1,183772,1,33314,1,4438,1,6212,1,30949,1,69784,1,15790,1,114,1,9570,1,4530,1,15904,1,9570,1,48,1,1240,1,1,1,0,1,456,1,4871,1,4243,1,0,0,210139,1,320364,1,860,1,860,1,0,1,108,1,2280,1,109,1,0,1,1,1,0,1,1,1,0,1,9,1,14,1,0,1,100,1,0,1,15790,1,0,1,0,1,15098,1,193380,1,8,1,8,1,0,1,87154,1,109,1,13035,1,1584,1,103374,1,16698,1,1,1,32,1,32,1
65,2137900,4530,9570,30.042463,,0,12,9,108,30898,9338,31120,2107002,16,239,120,1,30769,1,40,1,275217,1,422589,1,131442,1,1236055,1,10771,1,115230,1,12925,4,304803,4,82468,4,242995,4,437347,8,622362,108,26860,36,2956,1,25318,1,2675,1,0,0,0,0,0,0,0,0,363115,1,34436,1,8727,1,5240,1,56829,1,180796,1,32021,1,4599,1,5571,1,31240,1,71657,1,15935,1,102,1,9570,1,4530,1,16037,1,9570,1,48,1,1240,1,1,1,0,1,423,1,4887,1,4260,1,0,0,211547,1,304722,1,848,1,848,1,0,1,108,1,2280,1,109,1,0,1,2,1,0,1,1,1,0,1,9,1,26,1,0,1,76,1,0,1,15935,1,0,1,0,1,2360,1,20790,1,8,1,8,1,0,1,86747,1,109,1,13844,1,3135,1,106678,1,2755,1,1,1,32,1,32,1
66,2056400,4531,9570,29.860909,,0,13,9,108,32277,9008,31409,2024123,16,251,50,1,26110,1,100,1,261701,1,374246,1,118377,1,1232328,1,11211,1,112916,1,12754,4,304292,4,79292,4,236142,4,446144,8,614628,108,36249,48,3156,1,25990,1,2635,1,0,0,0,0,0,0,0,0,315564,1,34075,1,7995,1,4990,1,50286,1,178722,1,27412,1,4128,1,5721,1,31270,1,69673,1,15882,1,146,1,9570,1,4531,1,16028,1,9570,1,48,1,1240,1,1,1,0,1,993,1,4914,1,3663,1,0,0,215158,1,292578,1,848,1,848,1,0,1,108,1,2292,1,109,1,0,1,3,1,0,1,1,1,0,1,9,1,40,1,0,1,106,1,0,1,15882,1,0,1,0,1,2327,1,100419,1,8,1,8,1,0,1,86994,1,109,1,13580,1,2607,1,106215,1,13596,1,1,1,32,1,32,1
67,2108100,4532,9570,29.67663,,0,11,9,108,30775,9058,32521,2077325,16,227,50,1,26120,1,30,1,263073,1,395467,1,118567,1,1263127,1,10891,1,113417,1,12975,4,307809,4,81316,4,249177,4,457125,8,651628,108,22152,24,3036,1,26531,1,2685,1,0,0,0,0,0,0,0,0,337776,1,33183,1,8206,1,4939,1,50286,1,180455,1,27102,1,3837,1,5781,1,31400,1,70395,1,16039,1,83,1,9570,1,4532,1,16122,1,9570,1,48,1,1240,1,1,1,0,1,738,1,4945,1,3887,1,0,0,220583,1,352671,1,836,1,836,1,0,1,108,1,2280,1,109,1,0,1,1,1,0,1,1,1,0,1,9,1,15,1,0,1,68,1,0,1,16039,1,0,1,0,1,2228,1,114609,1,8,1,8,1,0,1,102926,1,109,1,13184,1,3630,1,109944,1,14833,1,1,1,32,1,32,1
68,2124600,4513,9570,29.489626,,0,12,9,108,32487,9178,33002,2092113,16,239,40,1,26250,1,20,1,262502,1,420364,1,118988,1,1252998,1,10951,1,112245,1,12354,4,303781,4,82037,4,241703,4,456253,8,639886,108,25068,36,5761,1,27052,1,2635,1,0,0,0,0,0,0,0,0,362654,1,33865,1,7755,1,5010,1,51569,1,178011,1,27513,1,4238,1,5691,1,31430,1,68662,1,16045,1,83,1,9570,1,4513,1,16128,1,9570,1,48,1,1240,1,1,1,0,1,742,1,4946,1,3882,1,0,0,215410,1,286176,1,836,1,836,1,0,1,108,1,2280,1,109,1,0,1,2,1,0,1,1,1,0,1,9,1,17,1,0,1,66,1,0,1,16045,1,0,1,0,1,2855,1,171534,1,8,1,8,1,0,1,87319,1,109,1,13316,1,4224,1,107403,1,12837,1,1,1,32,1,32,1
69,2236600,4475,9570,29.299898,,0,12,9,108,42927,9548,34596,2193673,16,239,140,1,36159,1,70,1,292890,1,392847,1,153474,1,1307883,1,10210,1,120921,1,13325,4,373585,4,80113,4,233667,4,444370,8,625488,108,17954,36,3126,1,26521,1,2705,1,0,0,0,0,0,0,0,0,331299,1,35217,1,7785,1,14578,1,57400,1,187158,1,33194,1,4528,1,6563,1,30208,1,77118,1,15993,1,57,1,9570,1,4475,1,16050,1,9570,1,48,1,1240,1,1,1,0,1,1132,1,4983,1,3455,1,0,0,211708,1,343233,1,824,1,824,1,0,1,108,1,2280,1,109,1,0,1,2,1,1,1,0,1,0,1,9,1,14,1,43,1,0,1,0,1,15993,1,0,1,0,1,14107,1,68227,1,8,1,8,1,0,1,104616,1,109,1,14883,1,2904,1,104727,1,17737,1,1,1,32,1,32,1
70,2119300,4477,9570,29.107445,,0,11,9,108,34025,9127,30587,2085275,16,227,150,1,30528,1,50,1,280567,1,378990,1,130239,1,1253849,1,10901,1,114259,1,12684,4,336344,4,79602,4,235661,4,433810,8,623154,108,15730,24,2966,1,26731,1,2665,1,0,0,0,0,0,0,0,0,322071,1,32242,1,7564,1,5430,1,57891,1,183601,1,33103,1,4328,1,6062,1,30959,1,70665,1,16049,1,60,1,9570,1,4477,1,16109,1,9570,1,48,1,1240,1,1,1,0,1,1091,1,5012,1,3467,1,0,0,216534,1,347655,1,836,1,836,1,0,1,108,1,2292,1,109,1,0,1,1,1,1,1,0,1,0,1,9,1,19,1,41,1,0,1,0,1,16049,1,0,1,0,1,2821,1,86509,1,8,1,8,1,0,1,93296,1,109,1,13068,1,5808,1,108757,1,14437,1,1,1,32,1,32,1
71,2045400,4474,9569,28.912266,,0,12,9,108,30524,9057,30578,2014876,16,239,140,1,26160,1,80,1,270688,1,379296,1,115150,1,1212330,1,11031,1,110642,1,12334,4,300756,4,79031,4,230291,4,437968,8,619055,108,18625,36,2956,1,26571,1,2725,1,0,0,0,0,0,0,0,0,322948,1,33053,1,7023,1,5100,1,52300,1,185124,1,27833,1,4298,1,5591,1,30829,1,67870,1,16078,1,45,1,9569,1,4474,1,16123,1,9569,1,48,1,1240,1,1,1,0,1,1032,1,5017,1,3520,1,0,0,212750,1,311256,1,824,1,824,1,0,1,108,1,2280,1,109,1,0,1,3,1,0,1,0,1,0,1,9,1,45,1,0,1,0,1,0,1,16078,1,0,1,0,1,1997,1,103818,1,8,1,8,1,0,1,86961,1,109,1,13382,1,5478,1,107271,1,13761,1,1,1,32,1,32,1
72,2048000,4455,9569,28.714361,,0,11,8,96,32593,8877,29194,2015407,16,227,40,1,25579,1,70,1,272161,1,362544,1,115291,1,1228541,1,11181,1,108438,1,12053,4,302709,4,78811,4,236132,4,449410,8,596894,96,59454,36,2906,1,26571,1,2635,1,0,0,0,0,0,0,0,0,307348,1,33284,1,6092,1,4939,1,51779,1,187629,1,27493,1,3066,1,5621,1,29987,1,67710,1,15819,1,274,1,9569,1,4455,1,16093,1,9569,1,48,1,1240,1,1,1,0,1,1357,1,5028,1,3184,1,0,0,212188,1,312906,1,776,1,776,1,0,1,96,1,2232,1,97,1,0,1,2,1,0,1,0,1,1,1,8,1,39,1,0,1,0,1,235,1,15819,1,0,1,0,1,2360,1,21780,1,8,1,8,1,0,1,84027,1,97,1,13283,1,5676,1,113988,1,2607,1,1,1,32,1,32,1
73,2002200,4472,9569,28.745037,,0,10,9,108,31138,8897,30097,1971062,16,215,60,1,26491,1,30,1,267001,1,343587,1,115170,1,1207671,1,11051,1,114880,1,12925,4,301757,4,79352,4,227435,4,430995,8,619436,108,8897,12,3046,1,25739,1,2645,1,0,0,0,0,0,0,0,0,289584,1,31691,1,6402,1,4980,1,52300,1,181918,1,27533,1,3837,1,5591,1,31039,1,72118,1,16090,1,28,1,9569,1,4472,1,16118,1,9569,1,48,1,1240,1,1,1,0,1,1529,1,5048,1,2992,1,0,0,217407,1,378873,1,824,1,824,1,0,1,108,1,2268,1,109,1,0,1,1,1,0,1,0,1,0,1,9,1,28,1,0,1,0,1,0,1,16090,1,0,1,0,1,1931,1,25971,1,8,1,8,1,0,1,109394,1,109,1,13877,1,957,1,109301,1,2458,1,1,1,32,1,32,1
74,2019600,4465,9569,28.771923,,0,11,9,108,30634,8897,30236,1988966,16,227,130,1,26310,1,30,1,267512,1,363235,1,115912,1,1204685,1,11151,1,111994,1,12524,4,301497,4,79472,4,229369,4,428841,8,619858,108,8116,24,3396,1,26050,1,2645,1,0,0,0,0,0,0,0,0,307128,1,32673,1,6583,1,4919,1,51348,1,183341,1,27633,1,4368,1,5711,1,30829,1,68992,1,16127,1,20,1,9569,1,4465,1,16147,1,9569,1,48,1,1240,1,1,1,0,1,1414,1,5039,1,3116,1,0,0,218118,1,332871,1,824,1,824,1,0,1,108,1,2280,1,109,1,0,1,2,1,0,1,0,1,0,1,9,1,20,1,0,1,0,1,0,1,16127,1,0,1,0,1,2426,1,193413,1,8,1,8,1,0,1,87304,1,109,1,13580,1,3663,1,108410,1,13975,1,1,1,32,1,32,1
75,2020100,4458,9569,28.794498,,0,10,8,96,34310,9598,28943,1985790,16,215,50,1,26571,1,50,1,262993,1,349960,1,113938,1,1221197,1,11031,1,113106,1,11803,4,299914,4,78761,4,236142,4,440533,8,593468,96,54264,24,2966,1,25699,1,2675,1,0,0,0,0,0,0,0,0,293191,1,33334,1,6603,1,4929,1,51378,1,178672,1,27723,1,4158,1,5981,1,30178,1,70695,1,15880,1,260,1,9569,1,4458,1,16140,1,9569,1,48,1,1240,1,1,1,0,1,1818,1,5045,1,2706,1,0,0,212703,1,347226,1,776,1,776,1,0,1,96,1,2220,1,97,1,0,1,1,1,0,1,0,1,1,1,8,1,17,1,0,1,0,1,243,1,15880,1,0,1,0,1,2541,1,137181,1,8,1,8,1,0,1,89190,1,97,1,13877,1,2871,1,114483,1,14223,1,1,1,32,1,32,1
76,1984900,4464,9569,28.81284,,0,11,9,108,30530,8947,30027,1954370,16,227,10,1,26300,1,30,1,266350,1,324371,1,115421,1,1210957,1,10931,1,111473,1,12594,4,300705,4,79632,4,231313,4,433900,8,626880,108,8306,24,3417,1,26300,1,2675,1,0,0,0,0,0,0,0,0,267813,1,33214,1,6683,1,4959,1,51939,1,181638,1,27523,1,3697,1,5611,1,30819,1,69293,1,16101,1,29,1,9569,1,4464,1,16130,1,9569,1,48,1,1240,1,1,1,0,1,2040,1,5040,1,2489,1,0,0,224484,1,356466,1,824,1,824,1,0,1,108,1,2280,1,109,1,0,1,2,1,0,1,0,1,0,1,9,1,29,1,0,1,0,1,0,1,16101,1,0,1,0,1,2228,1,65571,1,8,1,8,1,0,1,102716,1,109,1,13514,1,6765,1,107337,1,14553,1,1,1,32,1,32,1
77,2091400,4463,9569,28.827902,,0,11,8,96,37820,11121,31688,2053580,16,227,140,1,30719,1,30,1,296337,1,345962,1,139627,1,1229974,1,10791,1,113147,1,12033,4,298982,4,78530,4,243326,4,442427,8,591805,96,62259,36,2986,1,24717,1,2705,1,0,0,0,0,0,0,0,0,286318,1,34536,1,6492,1,13776,1,58882,1,189913,1,33244,1,4479,1,6292,1,30468,1,69523,1,15876,1,269,1,9569,1,4463,1,16145,1,9569,1,48,1,1240,1,1,1,0,1,1976,1,5042,1,2551,1,0,0,205857,1,330033,1,776,1,776,1,0,1,96,1,2208,1,97,1,0,1,2,1,0,1,0,1,1,1,8,1,25,1,0,1,0,1,244,1,15876,1,0,1,0,1,15658,1,1188,1,8,1,8,1,0,1,84339,1,97,1,13546,1,5412,1,111468,1,1188,1,1,1,32,1,32,1
78,2059900,4462,9568,28.840885,,0,10,8,96,32310,8957,31769,2027590,16,215,100,1,30699,1,50,1,273403,1,320293,1,127183,1,1264971,1,10891,1,110071,1,12604,4,300204,4,81476,4,246261,4,474027,8,632362,96,56157,24,2936,1,25749,1,2685,1,0,0,0,0,0,0,0,0,263534,1,33093,1,6262,1,4899,1,55516,1,181307,1,31430,1,3877,1,5681,1,30468,1,68040,1,15886,1,247,1,9568,1,4462,1,16133,1,9568,1,48,1,1240,1,1,1,0,1,2088,1,5045,1,2435,1,0,0,227634,1,357687,1,776,1,776,1,0,1,96,1,2220,1,97,1,0,1,1,1,0,1,0,1,1,1,8,1,5,1,0,1,0,1,242,1,15886,1,0,1,0,1,2129,1,71511,1,8,1,8,1,0,1,92552,1,97,1,13481,1,330,1,126973,1,14371,1,1,1,32,1,32,1
79,1984900,4456,9567,28.852116,,0,10,8,96,31923,8847,30986,1952977,16,215,150,1,26110,1,30,1,263434,1,305054,1,114980,1,1232378,1,10841,1,111293,1,12334,4,299974,4,79703,4,240029,4,448428,8,606594,96,50877,24,4138,1,25008,1,2625,1,0,0,0,0,0,0,0,0,250660,1,32412,1,5761,1,4899,1,51769,1,178872,1,27603,1,3797,1,5621,1,30759,1,69072,1,15903,1,229,1,9567,1,4456,1,16132,1,9567,1,48,1,1240,1,1,1,0,1,2176,1,5044,1,2347,1,0,0,219331,1,331650,1,775,1,776,1,0,1,96,1,2304,1,97,1,0,1,1,1,0,1,0,1,1,1,8,1,5,1,0,1,0,1,224,1,15903,1,0,1,0,1,4241,1,93324,1,8,1,8,1,0,1,95573,1,97,1,13415,1,1089,1,114994,1,15196,1,1,1,32,1,32,1
80,2035500,4458,9567,28.861916,,0,10,8,96,32878,9508,32792,2002622,16,215,170,1,31290,1,60,1,286809,1,320884,1,119619,1,1233641,1,10149,1,112245,1,12364,4,309132,4,78971,4,237875,4,442186,8,593637,96,53633,24,3086,1,25579,1,2695,1,0,0,0,0,0,0,0,0,268013,1,28765,1,6142,1,5551,1,58602,1,187829,1,34276,1,3907,1,5681,1,30639,1,69723,1,15901,1,247,1,9567,1,4458,1,16148,1,9567,1,48,1,1240,1,1,1,0,1,2147,1,5041,1,2379,1,0,0,205188,1,311949,1,776,1,776,1,0,1,96,1,2220,1,97,1,0,1,1,1,0,1,0,1,1,1,8,1,9,1,0,1,0,1,238,1,15901,1,0,1,0,1,5511,1,121110,1,8,1,8,1,0,1,86068,1,97,1,12969,1,1947,1,110930,1,15295,1,1,1,32,1,32,1
81,2086700,4462,9566,28.87016,,0,10,8,96,32474,8927,30817,2054226,16,215,30,1,30649,1,50,1,284344,1,320648,1,120090,1,1287363,1,11051,1,113668,1,12294,4,317818,4,80234,4,256160,4,465260,8,634226,96,56378,24,2976,1,27242,1,2785,1,0,0,0,0,0,0,0,0,265724,1,31580,1,6072,1,5400,1,57189,1,187248,1,34085,1,4248,1,5901,1,30548,1,70846,1,15936,1,262,1,9566,1,4462,1,16198,1,9566,1,48,1,1240,1,1,1,0,1,2160,1,5037,1,2369,1,0,0,235948,1,375441,1,775,1,775,1,0,1,96,1,2232,1,97,1,0,1,1,1,0,1,0,1,1,1,8,1,17,1,0,1,0,1,245,1,15936,1,0,1,0,1,2194,1,199369,1,8,1,8,1,0,1,102537,1,97,1,13514,1,6501,1,131247,1,14553,1,1,1,32,1,32,1
82,1999100,4462,9566,28.877672,,0,10,8,96,34400,8977,28595,1964700,16,215,170,1,26100,1,80,1,268664,1,319582,1,114299,1,1224694,1,11111,1,111563,1,12153,4,302028,4,78841,4,238096,4,440573,8,598084,96,51989,24,3036,1,26711,1,2715,1,0,0,0,0,0,0,0,0,263705,1,32773,1,6012,1,5020,1,51058,1,184723,1,27523,1,3687,1,5681,1,30198,1,69844,1,15986,1,244,1,9566,1,4462,1,16230,1,9566,1,48,1,1240,1,1,1,0,1,2292,1,5037,1,2237,1,0,0,214254,1,345015,1,776,1,776,1,0,1,96,1,2220,1,97,1,0,1,1,1,0,1,0,1,1,1,8,1,10,1,0,1,0,1,234,1,15986,1,0,1,0,1,2360,1,759,1,8,1,8,1,0,1,96217,1,97,1,13646,1,396,1,114994,1,759,1,1,1,32,1,32,1
83,1979400,4464,9566,28.884876,,0,10,8,96,30771,8857,28785,1948629,16,215,50,1,26360,1,30,1,266139,1,303240,1,114028,1,1227910,1,10871,1,112836,1,12093,4,300986,4,79051,4,239588,4,443208,8,600318,96,53693,24,2976,1,25669,1,2645,1,0,0,0,0,0,0,0,0,250880,1,30418,1,5460,1,4919,1,51839,1,181618,1,27483,1,3797,1,5931,1,30629,1,70445,1,15984,1,257,1,9566,1,4464,1,16241,1,9566,1,48,1,1240,1,1,1,0,1,2369,1,5039,1,2158,1,0,0,208662,1,309210,1,776,1,776,1,0,1,96,1,2232,1,97,1,0,1,1,1,0,1,0,1,1,1,8,1,11,1,0,1,0,1,246,1,15984,1,0,1,0,1,2624,1,429,1,8,1,8,1,0,1,78147,1,97,1,13184,1,3927,1,114714,1,429,1,1,1,31,1,31,1
84,1966700,4460,9566,28.891674,,0,10,9,108,31246,9048,30227,1935454,16,215,10,1,26080,1,40,1,261420,1,312458,1,114419,1,1210106,1,10921,1,123987,1,12373,4,299613,4,79262,4,226263,4,428129,8,618885,108,5280,12,3016,1,25719,1,2695,1,0,0,0,0,0,0,0,0,255078,1,33865,1,6272,1,4970,1,50346,1,178141,1,27713,1,3386,1,5671,1,30979,1,81626,1,16227,1,14,1,9566,1,4460,1,16241,1,9566,1,48,1,1240,1,1,1,0,1,2381,1,5040,1,2145,1,0,0,213051,1,384582,1,812,1,812,1,0,1,108,1,2268,1,109,1,0,1,1,1,0,1,0,1,0,1,9,1,14,1,0,1,0,1,0,1,16227,1,0,1,0,1,2624,1,98670,1,8,1,8,1,0,1,110139,1,109,1,14141,1,6699,1,106760,1,14173,1,1,1,32,1,32,1
85,2065100,4454,9564,28.89812,,0,10,8,96,37550,10310,28403,2027550,16,184,30,1,30849,1,60,1,286548,1,311456,1,134377,1,1253298,1,10931,1,109309,1,12243,4,333047,4,78590,4,233477,4,439741,8,591663,96,53152,24,4148,1,29326,1,3106,1,0,0,0,0,0,0,0,0,255689,1,29987,1,6142,1,5300,1,58392,1,188451,1,34065,1,3507,1,5551,1,30037,1,68190,1,15993,1,251,1,9564,1,4454,1,16244,1,9564,1,48,1,1240,1,1,1,0,1,2509,1,5047,1,2008,1,0,0,209380,1,286407,1,776,1,776,1,0,1,96,1,2220,1,97,1,0,1,1,1,0,1,0,1,1,1,8,1,7,1,0,1,0,1,244,1,15993,1,0,1,0,1,4141,1,124971,1,8,1,8,1,0,1,77645,1,97,1,13547,1,330,1,114186,1,15609,1,1,1,32,1,32,1
86,1967700,4452,9563,28.90361,,0,10,8,96,32176,8827,28894,1935524,16,215,40,1,26180,1,70,1,268043,1,297760,1,114299,1,1218241,1,10891,1,114429,1,12614,4,299543,4,78640,4,234358,4,437778,8,589680,96,53562,24,3016,1,26401,1,2635,1,0,0,0,0,0,0,0,0,240130,1,33424,1,5981,1,4990,1,51869,1,183100,1,27813,1,3617,1,5631,1,30418,1,72429,1,15967,1,256,1,9563,1,4452,1,16223,1,9563,1,48,1,1240,1,1,1,0,1,2540,1,5048,1,1975,1,0,0,205195,1,333300,1,776,1,776,1,0,1,96,1,2220,1,97,1,0,1,1,1,0,1,0,1,1,1,8,1,11,1,0,1,0,1,245,1,15967,1,0,1,0,1,2162,1,156882,1,8,1,8,1,0,1,86242,1,97,1,13910,1,3564,1,114070,1,13348,1,1,1,32,1,32,1
87,1932300,4461,9563,28.9092,,0,10,9,108,30892,8847,29214,1901408,16,215,130,1,26350,1,30,1,262933,1,290406,1,114599,1,1196159,1,10801,1,110592,1,12073,4,300104,4,79001,4,226844,4,427869,8,620349,108,5150,12,2976,1,25178,1,2675,1,0,0,0,0,0,0,0,0,236292,1,30869,1,5801,1,4949,1,50457,1,179213,1,27994,1,3627,1,5671,1,30909,1,68281,1,16229,1,11,1,9563,1,4461,1,16240,1,9563,1,48,1,1240,1,1,1,0,1,2602,1,5044,1,1917,1,0,0,216500,1,315579,1,812,1,812,1,0,1,108,1,2256,1,109,1,0,1,1,1,0,1,0,1,0,1,9,1,11,1,0,1,0,1,0,1,16229,1,0,1,0,1,2822,1,4257,1,8,1,8,1,0,1,88147,1,109,1,13415,1,1254,1,106529,1,990,1,1,1,32,1,32,1
88,2126800,4461,9561,28.91393,,0,10,8,96,30629,9048,38169,2096171,16,215,20,1,26360,1,40,1,262272,1,287881,1,114098,1,1394388,1,11111,1,111002,1,12454,4,302148,4,86806,4,304703,4,537218,8,743437,96,60315,24,3186,1,25008,1,2815,1,0,0,0,0,0,0,0,0,233808,1,30659,1,6032,1,4980,1,51158,1,178161,1,27693,1,3567,1,5611,1,30649,1,69112,1,15969,1,254,1,9561,1,4461,1,16223,1,9561,1,48,1,1240,1,1,1,0,1,2681,1,5038,1,1842,1,0,0,269453,1,405075,1,774,1,774,1,0,1,96,1,2232,1,97,1,0,1,1,1,0,1,0,1,1,1,8,1,11,1,0,1,0,1,243,1,15969,1,0,1,0,1,1898,1,123750,1,8,1,8,1,0,1,117776,1,97,1,13151,1,5775,1,155056,1,14140,1,1,1,32,1,32,1
89,2126200,4461,9561,28.918192,,0,10,8,96,36952,9729,31008,2089248,16,215,60,1,27022,1,30,1,268544,1,342465,1,120851,1,1318523,1,11752,1,136171,1,12935,4,302068,4,79502,4,261290,4,475259,8,657820,96,47721,24,3066,1,35608,1,2896,1,0,0,0,0,0,0,0,0,273854,1,43323,1,6112,1,5160,1,55176,1,178161,1,29657,1,5070,1,5811,1,30378,1,92176,1,16008,1,228,1,9561,1,4461,1,16236,1,9561,1,48,1,1240,1,1,1,0,1,2764,1,5039,1,1758,1,0,0,214518,1,450120,1,775,1,775,1,0,1,96,1,2232,1,97,1,0,1,1,1,0,1,0,1,1,1,8,1,9,1,0,1,0,1,219,1,16008,1,0,1,0,1,3878,1,165033,1,8,1,8,1,0,1,121541,1,97,1,14174,1,1551,1,117948,1,14833,1,1,1,32,1,32,1
90,2310700,4460,9560,28.922281,,0,10,8,96,35015,9237,34406,2275685,16,215,291,1,27773,1,50,1,267762,1,300375,1,114730,1,1546810,1,17894,1,118096,1,12644,4,346132,4,89251,4,297810,4,622061,8,830188,96,55276,24,6112,1,41199,1,4268,1,0,0,0,0,0,0,0,0,242925,1,33073,1,5941,1,5460,1,55366,1,178612,1,27913,1,3667,1,5611,1,30669,1,76096,1,15993,1,235,1,9560,1,4460,1,16228,1,9560,1,48,1,1240,1,1,1,0,1,2878,1,5039,1,1643,1,0,0,227022,1,536745,1,775,1,775,1,0,1,96,1,2232,1,97,1,0,1,1,1,0,1,0,1,1,1,8,1,8,1,0,1,0,1,227,1,15993,1,0,1,0,1,4076,1,63921,1,8,1,8,1,0,1,99479,1,97,1,13547,1,3630,1,130719,1,13612,1,1,1,32,1,32,1
91,2304400,4461,9557,28.926441,,0,10,8,96,34156,9458,38190,2270244,16,215,180,1,32402,1,60,1,283382,1,286819,1,119268,1,1536059,1,12073,1,115311,1,14017,4,408442,4,85934,4,292259,4,568057,8,763905,96,58221,24,3296,1,36460,1,2825,1,0,0,0,0,0,0,0,0,230922,1,32502,1,5731,1,7585,1,66297,1,179794,1,29316,1,3477,1,5591,1,30699,1,73561,1,15989,1,231,1,9557,1,4461,1,16220,1,9557,1,48,1,1240,1,1,1,0,1,2930,1,5037,1,1590,1,0,0,249344,1,369963,1,776,1,776,1,0,1,96,1,2232,1,97,1,0,1,1,1,0,1,0,1,1,1,8,1,8,1,0,1,0,1,223,1,15989,1,0,1,0,1,2162,1,693,1,8,1,8,1,0,1,103868,1,97,1,13481,1,3894,1,143555,1,693,1,1,1,31,1,31,1
92,2180200,4462,9557,28.930197,,0,10,8,96,34725,6964,30928,2145475,16,215,291,1,27062,1,30,1,272702,1,346202,1,132323,1,1355624,1,11242,1,134337,1,12073,4,314121,4,78651,4,264085,4,500878,8,680414,96,53623,24,4218,1,37191,1,3106,1,0,0,0,0,0,0,0,0,273634,1,47822,1,5370,1,6172,1,57069,1,178782,1,29496,1,3948,1,6893,1,31290,1,89992,1,15947,1,259,1,9557,1,4462,1,16206,1,9557,1,48,1,1240,1,1,1,0,1,3016,1,5038,1,1503,1,0,0,213541,1,406362,1,776,1,776,1,0,1,96,1,2232,1,97,1,0,1,1,1,0,1,0,1,1,1,8,1,14,1,0,1,0,1,245,1,15947,1,0,1,0,1,17061,1,528,1,8,1,8,1,0,1,103449,1,97,1,13811,1,3234,1,118030,1,528,1,1,1,32,1,32,1
93,2039400,4459,9555,28.933605,,0,11,8,96,33101,9598,29897,2006299,16,227,20,1,26821,1,40,1,272281,1,287741,1,120521,1,1287313,1,11562,1,121122,1,12314,4,323679,4,78961,4,248576,4,457966,8,618975,96,57670,36,3717,1,28525,1,2855,1,0,0,0,0,0,0,0,0,231253,1,32973,1,5170,1,5651,1,56648,1,178031,1,31470,1,3547,1,5791,1,30699,1,78590,1,15940,1,262,1,9555,1,4459,1,16202,1,9555,1,48,1,1240,1,1,1,0,1,3066,1,5038,1,1451,1,0,0,216343,1,393723,1,776,1,776,1,0,1,96,1,2232,1,97,1,0,1,2,1,0,1,0,1,1,1,8,1,17,1,0,1,0,1,245,1,15940,1,0,1,0,1,2261,1,528,1,8,1,8,1,0,1,104171,1,97,1,14042,1,5775,1,116528,1,528,1,1,1,32,1,32,1
94,1994500,4455,9554,28.936785,,0,11,8,96,33157,9007,30516,1961343,16,227,30,1,27473,1,30,1,267261,1,272381,1,117164,1,1265792,1,11211,1,114669,1,12103,4,310995,4,78280,4,239158,4,468096,8,624668,96,52069,36,3677,1,27002,1,2805,1,0,0,0,0,0,0,0,0,217897,1,31400,1,5581,1,5661,1,55476,1,177169,1,28595,1,3527,1,5551,1,30548,1,72879,1,15986,1,238,1,9554,1,4455,1,16224,1,9554,1,48,1,1240,1,1,1,0,1,3200,1,5040,1,1314,1,0,0,215270,1,334125,1,776,1,776,1,0,1,96,1,2232,1,97,1,0,1,2,1,0,1,0,1,1,1,8,1,14,1,0,1,0,1,224,1,15986,1,0,1,0,1,2525,1,116589,1,8,1,8,1,0,1,83567,1,97,1,13448,1,5973,1,120543,1,13695,1,1,1,32,1,32,1
95,1968900,4464,9554,28.939753,,0,11,8,96,31222,9047,29767,1937678,16,227,130,1,25970,1,40,1,264697,1,251211,1,116092,1,1268397,1,11141,1,112135,1,11602,4,330182,4,78390,4,241552,4,452686,8,607262,96,57209,36,3657,1,26360,1,2785,1,0,0,0,0,0,0,0,0,193891,1,34566,1,5561,1,5430,1,54073,1,176788,1,28164,1,3396,1,5761,1,30699,1,70154,1,15994,1,266,1,9554,1,4464,1,16260,1,9554,1,48,1,1240,1,1,1,0,1,3227,1,5034,1,1293,1,0,0,215152,1,331287,1,776,1,776,1,0,1,96,1,2232,1,97,1,0,1,2,1,0,1,0,1,1,1,8,1,11,1,0,1,0,1,255,1,15994,1,0,1,0,1,3119,1,26994,1,8,1,8,1,0,1,90596,1,97,1,13976,1,5478,1,114862,1,2673,1,1,1,32,1,32,1
96,1952300,4454,9554,28.942532,,0,11,8,96,31274,8947,29045,1921026,16,227,30,1,26531,1,60,1,265338,1,266500,1,114209,1,1237177,1,11181,1,113597,1,11983,4,310695,4,79262,4,238056,4,441585,8,598276,96,52320,36,3797,1,26461,1,2795,1,0,0,0,0,0,0,0,0,213408,1,30168,1,5430,1,5561,1,54104,1,177209,1,28154,1,3477,1,5641,1,30759,1,71597,1,16034,1,229,1,9554,1,4454,1,16263,1,9554,1,48,1,1240,1,1,1,0,1,3322,1,5033,1,1199,1,0,0,208889,1,281754,1,776,1,776,1,0,1,96,1,2232,1,97,1,0,1,2,1,0,1,0,1,1,1,8,1,11,1,0,1,0,1,218,1,16034,1,0,1,0,1,2756,1,204600,1,8,1,8,1,0,1,80399,1,97,1,13415,1,429,1,115027,1,16566,1,1,1,32,1,32,1
97,1970000,4453,9554,28.9452,,0,11,8,96,31120,8837,29127,1938880,16,227,50,1,27082,1,50,1,270468,1,263344,1,115461,1,1251274,1,11151,1,111173,1,12233,4,319992,4,78610,4,237054,4,449270,8,605709,96,51488,36,3907,1,27262,1,2936,1,0,0,0,0,0,0,0,0,207718,1,33023,1,5470,1,5531,1,54504,1,181968,1,28224,1,3507,1,5611,1,30448,1,69543,1,16047,1,230,1,9554,1,4453,1,16277,1,9554,1,48,1,1240,1,1,1,0,1,3359,1,5037,1,1158,1,0,0,213821,1,367125,1,776,1,776,1,0,1,96,1,2220,1,97,1,0,1,2,1,0,1,0,1,1,1,8,1,11,1,0,1,0,1,219,1,16047,1,0,1,0,1,2426,1,122298,1,8,1,8,1,0,1,94315,1,97,1,13547,1,1617,1,115671,1,16252,1,1,1,32,1,32,1
98,2121200,4449,9553,28.947609,,0,11,8,96,32122,9328,30858,2089078,16,227,120,1,31711,1,50,1,307238,1,273323,1,155307,1,1310418,1,10911,1,117916,1,13055,4,368846,4,80113,4,239338,4,445763,8,601603,96,52640,36,4208,1,29176,1,2675,1,0,0,0,0,0,0,0,0,214260,1,32432,1,6543,1,7033,1,67018,1,193029,1,39636,1,4398,1,7074,1,29937,1,73811,1,16050,1,226,1,9553,1,4449,1,16276,1,9553,1,48,1,1240,1,1,1,0,1,3411,1,5039,1,1103,1,0,0,202557,1,334191,1,776,1,776,1,0,1,96,1,2220,1,97,1,0,1,2,1,0,1,0,1,1,1,8,1,12,1,0,1,0,1,214,1,16050,1,0,1,0,1,2293,1,1122,1,8,1,8,1,0,1,86188,1,97,1,13117,1,462,1,111023,1,1122,1,1,1,32,1,32,1
99,2112400,4452,9552,28.949892,,0,11,8,96,31238,9749,30186,2081162,16,227,60,1,32562,1,60,1,322197,1,264015,1,168823,1,1282474,1,10971,1,114770,1,12233,4,341864,4,78661,4,240841,4,453388,8,611101,96,52941,36,3296,1,24988,1,2685,1,0,0,0,0,0,0,0,0,200123,1,34646,1,7304,1,7053,1,70936,1,200634,1,43123,1,4809,1,7534,1,30368,1,69884,1,16055,1,240,1,9552,1,4452,1,16295,1,9552,1,48,1,1240,1,1,1,0,1,3488,1,5037,1,1027,1,0,0,210998,1,339471,1,776,1,776,1,0,1,96,1,2232,1,97,1,0,1,2,1,0,1,0,1,1,1,8,1,12,1,0,1,0,1,228,1,16055,1,0,1,0,1,5561,1,111408,1,8,1,8,1,0,1,97125,1,97,1,13481,1,1452,1,115159,1,13876,1,1,1,32,1,32,1
100,1936200,4462,9549,28.952118,,0,11,8,96,31425,8917,29775,1904775,16,227,40,1,26641,1,40,1,266590,1,243606,1,116252,1,1240754,1,10851,1,114018,1,12083,4,302238,4,78991,4,242193,4,450843,8,610400,96,52861,36,3266,1,25529,1,2675,1,0,0,0,0,0,0,0,0,189613,1,31901,1,5070,1,5000,1,51559,1,181958,1,27803,1,3346,1,5741,1,30809,1,72008,1,16062,1,236,1,9549,1,4462,1,16298,1,9549,1,48,1,1240,1,1,1,0,1,3529,1,5030,1,990,1,0,0,212004,1,310134,1,776,1,776,1,0,1,96,1,2244,1,97,1,0,1,2,1,0,1,0,1,1,1,8,1,12,1,0,1,0,1,224,1,16062,1,0,1,0,1,1865,1,53856,1,8,1,8,1,0,1,85260,1,97,1,12722,1,1716,1,114499,1,15064,1,1,1,32,1,32,1
101,2096700,4454,9548,28.954184,,0,11,8,96,31849,9208,31450,2064851,16,227,70,1,27222,1,40,1,263815,1,265453,1,154906,1,1342424,1,10921,1,118917,1,13346,4,365289,4,79372,4,239057,4,478090,8,633508,96,52189,36,4489,1,31340,1,3316,1,0,0,0,0,0,0,0,0,205629,1,34215,1,6442,1,5030,1,53352,1,177660,1,27533,1,4529,1,7033,1,30058,1,74693,1,16081,1,225,1,9548,1,4454,1,16306,1,9548,1,48,1,1240,1,1,1,0,1,3576,1,5032,1,940,1,0,0,218139,1,380770,1,776,1,776,1,0,1,96,1,2232,1,97,1,0,1,2,1,0,1,0,1,1,1,8,1,12,1,0,1,0,1,213,1,16081,1,0,1,0,1,2525,1,213791,1,8,1,8,1,0,1,95060,1,97,1,13447,1,1221,1,114810,1,15048,1,1,1,32,1,32,1
102,1952700,4455,9548,28.956179,,0,11,8,96,32205,9147,29906,1920495,16,227,170,1,26711,1,70,1,270197,1,243616,1,117896,1,1250904,1,10931,1,116964,1,12273,4,311576,4,78480,4,241111,4,448008,8,611552,96,47661,36,3747,1,26791,1,2805,1,0,0,0,0,0,0,0,0,188000,1,32923,1,5440,1,5460,1,57941,1,173161,1,33234,1,3336,1,5641,1,30749,1,74863,1,16105,1,213,1,9548,1,4455,1,16318,1,9548,1,48,1,1240,1,1,1,0,1,3601,1,5030,1,917,1,0,0,212815,1,374715,1,776,1,776,1,0,1,96,1,2244,1,97,1,0,1,2,1,0,1,0,1,1,1,8,1,12,1,0,1,0,1,201,1,16105,1,0,1,0,1,1700,1,103653,1,8,1,8,1,0,1,105740,1,97,1,13580,1,3729,1,113806,1,12952,1,1,1,32,1,32,1
103,1927300,4460,9548,28.957949,,0,11,8,96,32695,8827,28805,1894605,16,227,40,1,26380,1,30,1,261530,1,238056,1,117214,1,1240484,1,10871,1,112185,1,12143,4,309272,4,78851,4,239899,4,447536,8,605759,96,52871,36,3466,1,25589,1,2715,1,0,0,0,0,0,0,0,0,184483,1,31871,1,5290,1,5060,1,53292,1,174564,1,28364,1,3577,1,5651,1,30839,1,70034,1,16087,1,238,1,9548,1,4460,1,16325,1,9548,1,48,1,1240,1,1,1,0,1,3659,1,5033,1,856,1,0,0,211645,1,334026,1,776,1,776,1,0,1,96,1,2232,1,97,1,0,1,2,1,0,1,0,1,1,1,8,1,11,1,0,1,0,1,227,1,16087,1,0,1,0,1,2756,1,143979,1,8,1,8,1,0,1,86665,1,97,1,13151,1,2673,1,114334,1,15213,1,1,1,31,1,31,1
104,2167800,4463,9546,28.959707,,0,11,8,96,40730,11432,33574,2127070,16,227,130,1,30979,1,40,1,317467,1,248656,1,160858,1,1358730,1,10210,1,117805,1,13045,4,375709,4,87938,4,245430,4,474939,8,631249,96,55546,36,3847,1,25799,1,2785,1,0,0,0,0,0,0,0,0,191036,1,32202,1,6272,1,16712,1,65545,1,195905,1,38794,1,4639,1,7053,1,30749,1,72709,1,16122,1,219,1,9546,1,4463,1,16341,1,9546,1,48,1,1240,1,1,1,0,1,3747,1,5030,1,769,1,0,0,216309,1,332277,1,776,1,776,1,0,1,96,1,2244,1,97,1,0,1,2,1,0,1,0,1,1,1,8,1,12,1,0,1,0,1,207,1,16122,1,0,1,0,1,13761,1,891,1,8,1,8,1,0,1,93576,1,97,1,13464,1,6072,1,119939,1,891,1,1,1,32,1,32,1
105,2181200,4462,9546,28.9613,,0,11,8,96,35058,9328,34454,2146142,16,227,40,1,30609,1,60,1,324912,1,246697,1,142853,1,1389900,1,11071,1,117325,1,13105,4,402500,4,80484,4,252623,4,472214,8,633554,96,56829,36,4899,1,33835,1,3587,1,0,0,0,0,0,0,0,0,188025,1,34516,1,6042,1,7184,1,70896,1,203660,1,42802,1,4328,1,6653,1,30388,1,73571,1,16128,1,234,1,9546,1,4462,1,16362,1,9546,1,48,1,1240,1,1,1,0,1,3737,1,5028,1,781,1,0,0,219781,1,317790,1,775,1,776,1,0,1,96,1,2244,1,97,1,0,1,2,1,0,1,0,1,1,1,8,1,12,1,0,1,0,1,222,1,16128,1,0,1,0,1,3382,1,153334,1,8,1,8,1,0,1,89255,1,97,1,13415,1,2640,1,114466,1,14916,1,1,1,32,1,32,1
106,1923600,4463,9546,28.962826,,0,11,8,96,31469,8927,29336,1892131,16,227,40,1,26350,1,60,1,272171,1,227355,1,114950,1,1240203,1,11001,1,115501,1,11993,4,303411,4,82378,4,239959,4,446074,8,604297,96,52400,36,3467,1,25759,1,2735,1,0,0,0,0,0,0,0,0,174474,1,31190,1,5130,1,5120,1,53041,1,185816,1,27753,1,3447,1,5661,1,30799,1,73451,1,16130,1,230,1,9546,1,4463,1,16360,1,9546,1,48,1,1240,1,1,1,0,1,3783,1,5032,1,731,1,0,0,209827,1,308583,1,776,1,776,1,0,1,96,1,2232,1,97,1,0,1,2,1,0,1,0,1,1,1,8,1,11,1,0,1,0,1,219,1,16130,1,0,1,0,1,2360,1,660,1,8,1,8,1,0,1,78089,1,97,1,13382,1,1518,1,115456,1,660,1,1,1,32,1,32,1
107,2012200,4465,9546,28.964285,,0,11,8,96,32672,9458,37221,1979528,16,227,130,1,31100,1,60,1,282250,1,234769,1,130800,1,1289628,1,10791,1,114088,1,13646,4,319000,4,84462,4,241302,4,475971,8,622742,96,57310,36,3457,1,25529,1,2715,1,0,0,0,0,0,0,0,0,179143,1,32101,1,5571,1,5280,1,55937,1,188741,1,31711,1,3938,1,6042,1,30859,1,70836,1,16152,1,223,1,9546,1,4465,1,16375,1,9546,1,48,1,1240,1,1,1,0,1,3818,1,5032,1,696,1,0,0,233444,1,279840,1,776,1,776,1,0,1,96,1,2232,1,97,1,0,1,2,1,0,1,0,1,1,1,8,1,12,1,0,1,0,1,211,1,16152,1,0,1,0,1,14932,1,122067,1,8,1,8,1,0,1,83729,1,97,1,13678,1,1518,1,130806,1,15378,1,1,1,32,1,32,1
108,1950000,4465,9546,28.965742,,0,10,8,96,31308,9208,34976,1918692,16,215,150,1,30639,1,60,1,271309,1,217055,1,115922,1,1272585,1,10971,1,109660,1,13636,4,302639,4,80624,4,247774,4,476111,8,639325,96,49585,24,2986,1,27252,1,2695,1,0,0,0,0,0,0,0,0,162160,1,33484,1,4980,1,5250,1,54925,1,182800,1,28024,1,3396,1,5611,1,30709,1,67800,1,16172,1,223,1,9546,1,4465,1,16395,1,9546,1,48,1,1240,1,1,1,0,1,3869,1,5030,1,647,1,0,0,219890,1,289509,1,776,1,776,1,0,1,96,1,2244,1,97,1,0,1,1,1,0,1,0,1,1,1,8,1,8,1,0,1,0,1,215,1,16172,1,0,1,0,1,2030,1,70719,1,8,1,8,1,0,1,87525,1,97,1,13712,1,363,1,116578,1,15064,1,1,1,32,1,32,1
109,1910500,4465,9546,28.967031,,0,11,8,96,32647,8897,29735,1877853,16,227,50,1,26521,1,40,1,266801,1,231954,1,115020,1,1226497,1,10971,1,110501,1,12173,4,303371,4,79051,4,236342,4,443489,8,602875,96,47220,36,3026,1,26982,1,2665,1,0,0,0,0,0,0,0,0,174144,1,35728,1,5190,1,5340,1,52090,1,181377,1,27613,1,3396,1,5601,1,30789,1,68541,1,16175,1,221,1,9546,1,4465,1,16396,1,9546,1,48,1,1240,1,1,1,0,1,3888,1,5028,1,630,1,0,0,210388,1,349866,1,776,1,776,1,0,1,96,1,2256,1,97,1,0,1,2,1,0,1,0,1,1,1,8,1,12,1,0,1,0,1,209,1,16175,1,0,1,0,1,2690,1,48378,1,8,1,8,1,0,1,98679,1,97,1,13415,1,4851,1,113575,1,17490,1,1,1,31,1,31,1
110,1926900,4466,9546,28.968155,,0,11,8,96,32765,9498,33604,1894135,16,227,60,1,31130,1,30,1,275637,1,212066,1,128907,1,1234612,1,11692,1,115922,1,11873,4,304352,4,79422,4,243616,4,438549,8,595881,96,52681,36,3086,1,25579,1,2715,1,0,0,0,0,0,0,0,0,158103,1,31170,1,5450,1,5400,1,55626,1,182850,1,31390,1,4709,1,6092,1,30568,1,72279,1,16180,1,229,1,9546,1,4466,1,16409,1,9546,1,48,1,1240,1,1,1,0,1,3864,1,5029,1,653,1,0,0,209752,1,320265,1,776,1,776,1,0,1,96,1,2232,1,97,1,0,1,2,1,0,1,0,1,1,1,8,1,16,1,0,1,0,1,213,1,16180,1,0,1,0,1,14074,1,693,1,8,1,8,1,0,1,77061,1,97,1,13348,1,5511,1,111947,1,693,1,1,1,31,1,31,1
111,1999500,4468,9546,28.969242,,0,10,8,96,32937,9498,34354,1966563,16,215,50,1,30809,1,40,1,263144,1,203379,1,114830,1,1342559,1,11752,1,119158,1,13235,4,308981,4,82318,4,259647,4,512521,8,686736,96,51078,24,3707,1,30639,1,2855,1,0,0,0,0,0,0,0,0,151780,1,30729,1,5120,1,5080,1,52731,1,177329,1,27663,1,4108,1,5771,1,30318,1,76667,1,16186,1,226,1,9546,1,4468,1,16412,1,9546,1,48,1,1240,1,1,1,0,1,3936,1,5032,1,578,1,0,0,215891,1,466521,1,775,1,775,1,0,1,96,1,2256,1,97,1,0,1,1,1,0,1,0,1,1,1,8,1,8,1,0,1,0,1,218,1,16186,1,0,1,0,1,2228,1,561,1,8,1,8,1,0,1,106491,1,97,1,13844,1,4785,1,113938,1,561,1,1,1,32,1,32,1
112,2317400,4464,9546,28.970312,,0,10,8,96,32333,10099,32081,2285067,16,215,20,1,28895,1,40,1,291518,1,268083,1,171648,1,1513842,1,11021,1,125580,1,13696,4,421466,4,80063,4,243326,4,571158,8,733729,96,48673,24,5651,1,38914,1,3887,1,0,0,0,0,0,0,0,0,196426,1,42571,1,8226,1,5350,1,57991,1,183481,1,44165,1,4659,1,7585,1,30037,1,80444,1,16182,1,236,1,9546,1,4464,1,16418,1,9546,1,48,1,1240,1,1,1,0,1,3947,1,5033,1,566,1,0,0,224179,1,653977,1,772,1,772,1,0,1,96,1,2244,1,97,1,0,1,1,1,0,1,0,1,1,1,8,1,15,1,0,1,0,1,221,1,16182,1,0,1,0,1,4339,1,77022,1,8,1,8,1,0,1,100491,1,97,1,13513,1,3927,1,114661,1,16599,1,1,1,32,1,32,1
113,1946800,4466,9546,28.971327,,0,10,8,96,31234,9558,31589,1915566,16,215,80,1,29597,1,70,1,295856,1,230942,1,117375,1,1230615,1,11031,1,113367,1,12304,4,303020,4,79061,4,236953,4,443348,8,606011,96,42702,24,3306,1,26952,1,2745,1,0,0,0,0,0,0,0,0,175185,1,33765,1,5460,1,6803,1,65696,1,187729,1,35047,1,3487,1,5661,1,30859,1,71056,1,16199,1,229,1,9546,1,4466,1,16428,1,9546,1,48,1,1240,1,1,1,0,1,4003,1,5032,1,511,1,0,0,215274,1,331056,1,776,1,776,1,0,1,96,1,2244,1,97,1,0,1,1,1,0,1,0,1,1,1,8,1,15,1,0,1,0,1,214,1,16199,1,0,1,0,1,2558,1,165066,1,8,1,8,1,0,1,81138,1,97,1,13679,1,363,1,114895,1,14140,1,1,1,32,1,32,1
114,2251900,4467,9546,28.972305,,0,11,8,96,33816,10290,45864,2218084,16,227,130,1,31340,1,50,1,321044,1,246912,1,171979,1,1435507,1,11121,1,145679,1,14357,4,348577,4,84492,4,271449,4,519183,8,692499,96,52270,36,6472,1,31881,1,3126,1,0,0,0,0,0,0,0,0,182099,1,36670,1,7214,1,6693,1,66447,1,203239,1,44104,1,4789,1,7645,1,30138,1,100092,1,16214,1,225,1,9546,1,4467,1,16439,1,9546,1,48,1,1240,1,1,1,0,1,4036,1,5033,1,477,1,0,0,230401,1,430815,1,776,1,776,1,0,1,96,1,2244,1,97,1,0,1,2,1,0,1,0,1,1,1,8,1,16,1,0,1,0,1,209,1,16214,1,0,1,0,1,15098,1,132495,1,8,1,8,1,0,1,120245,1,97,1,14619,1,5874,1,126194,1,15031,1,1,1,32,1,32,1
115,2587900,4467,9546,28.97322,,0,10,8,96,34153,10430,43101,2553747,16,215,70,1,27723,1,40,1,273764,1,266760,1,169043,1,1805264,1,11081,1,149766,1,24016,4,583116,4,107005,4,305725,4,588356,8,795353,96,55626,24,3336,1,30879,1,2635,1,0,0,0,0,0,0,0,0,201496,1,37071,1,6983,1,6082,1,53903,1,184633,1,28404,1,4859,1,7715,1,30248,1,103939,1,16213,1,223,1,9546,1,4467,1,16436,1,9546,1,48,1,1240,1,1,1,0,1,4034,1,5033,1,479,1,0,0,220310,1,474309,1,776,1,776,1,0,1,96,1,2316,1,97,1,0,1,1,1,0,1,0,1,1,1,8,1,12,1,0,1,0,1,211,1,16213,1,0,1,0,1,4208,1,193578,1,8,1,8,1,0,1,115951,1,97,1,14256,1,7854,1,115984,1,18925,1,1,1,32,1,32,1
116,1881400,4465,9546,28.974094,,0,10,8,96,31169,9047,30287,1850231,16,215,100,1,26661,1,60,1,271540,1,196746,1,114519,1,1229763,1,10841,1,113577,1,12143,4,300555,4,78721,4,236583,4,446484,8,610540,96,42241,24,3156,1,26831,1,2665,1,0,0,0,0,0,0,0,0,142683,1,32993,1,5230,1,5611,1,53162,1,183862,1,28374,1,3437,1,5791,1,30709,1,71537,1,16222,1,217,1,9546,1,4465,1,16439,1,9546,1,48,1,1240,1,1,1,0,1,4077,1,5031,1,438,1,0,0,207799,1,339405,1,776,1,776,1,0,1,96,1,2244,1,97,1,0,1,1,1,0,1,0,1,1,1,8,1,12,1,0,1,0,1,205,1,16222,1,0,1,0,1,2690,1,18051,1,8,1,8,1,0,1,87737,1,97,1,13365,1,2772,1,114730,1,1435,1,1,1,32,1,32,1
117,1941600,4465,9546,28.974928,,0,10,8,96,32046,8887,31308,1909554,16,215,130,1,26561,1,30,1,265789,1,218769,1,115321,1,1271683,1,11272,1,116182,1,12374,4,302789,4,78530,4,255078,4,466312,8,642601,96,47481,24,3326,1,25529,1,2675,1,0,0,0,0,0,0,0,0,165847,1,32172,1,5571,1,5110,1,52230,1,179984,1,28094,1,3567,1,5561,1,31140,1,73811,1,16227,1,234,1,9546,1,4465,1,16461,1,9546,1,48,1,1240,1,1,1,0,1,4129,1,5034,1,383,1,0,0,212419,1,410421,1,775,1,775,1,0,1,96,1,2244,1,97,1,0,1,1,1,0,1,0,1,1,1,8,1,15,1,0,1,0,1,219,1,16227,1,0,1,0,1,2195,1,825,1,8,1,8,1,0,1,109462,1,97,1,14306,1,1419,1,114911,1,825,1,1,1,32,1,32,1
118,1902900,4466,9546,28.975708,,0,10,8,96,31579,8887,29336,1871321,16,215,391,1,25639,1,20,1,264887,1,224740,1,115461,1,1229252,1,10931,1,114239,1,12143,4,303781,4,79051,4,237915,4,440954,8,601752,96,47781,24,3978,1,25549,1,2755,1,0,0,0,0,0,0,0,0,171839,1,31851,1,5290,1,5200,1,52961,1,178301,1,28144,1,3537,1,5661,1,30769,1,72258,1,16226,1,236,1,9546,1,4466,1,16462,1,9546,1,48,1,1240,1,1,1,0,1,4106,1,5035,1,405,1,0,0,216015,1,305646,1,776,1,776,1,0,1,96,1,2232,1,97,1,0,1,1,1,0,1,0,1,1,1,8,1,12,1,0,1,0,1,224,1,16226,1,0,1,0,1,2459,1,129855,1,8,1,8,1,0,1,81520,1,97,1,13712,1,6072,1,115291,1,15460,1,1,1,32,1,32,1
119,1898000,4467,9546,28.97645,,0,11,8,96,30386,8927,29506,1867614,16,227,160,1,26841,1,30,1,264065,1,211625,1,115782,1,1238159,1,10951,1,113136,1,11682,4,305094,4,78861,4,241572,4,447186,8,606180,96,53072,36,3477,1,25509,1,2715,1,0,0,0,0,0,0,0,0,160497,1,31049,1,4949,1,5290,1,54655,1,175676,1,28134,1,3376,1,5621,1,31140,1,70906,1,16229,1,243,1,9546,1,4467,1,16472,1,9546,1,48,1,1240,1,1,1,0,1,4159,1,5036,1,351,1,0,0,214713,1,337623,1,776,1,776,1,0,1,96,1,2244,1,97,1,0,1,2,1,0,1,0,1,1,1,8,1,19,1,0,1,0,1,224,1,16229,1,0,1,0,1,2063,1,693,1,8,1,8,1,0,1,97837,1,97,1,13349,1,9174,1,115489,1,693,1,1,1,32,1,32,1
120,1918400,4463,9546,28.977146,,0,10,8,96,31810,9077,32321,1886590,16,215,30,1,26841,1,40,1,261991,1,203770,1,118367,1,1264339,1,11211,1,114740,1,12183,4,309031,4,84121,4,238426,4,463888,8,620969,96,49024,24,3817,1,26230,1,2825,1,0,0,0,0,0,0,0,0,151610,1,31991,1,5320,1,5200,1,53282,1,175225,1,28014,1,3557,1,5671,1,30849,1,72639,1,16244,1,226,1,9546,1,4463,1,16470,1,9546,1,48,1,1240,1,1,1,0,1,4175,1,5037,1,334,1,0,0,227990,1,321321,1,776,1,776,1,0,1,96,1,2244,1,97,1,0,1,1,1,0,1,0,1,1,1,8,1,12,1,0,1,0,1,214,1,16244,1,0,1,0,1,1700,1,363,1,8,1,8,1,0,1,85379,1,97,1,13778,1,7062,1,119103,1,363,1,1,1,32,1,32,1
121,1881400,4463,9546,28.977818,,0,10,8,96,31580,9188,29877,1849820,16,215,30,1,26671,1,50,1,265438,1,184523,1,116403,1,1245594,1,11111,1,114760,1,12103,4,308681,4,79362,4,239729,4,448598,8,610819,96,47631,24,3647,1,26741,1,2785,1,0,0,0,0,0,0,0,0,131421,1,33103,1,4970,1,5270,1,54254,1,176618,1,28925,1,3296,1,5651,1,30538,1,73080,1,16247,1,236,1,9546,1,4463,1,16483,1,9546,1,48,1,1240,1,1,1,0,1,4189,1,5040,1,317,1,0,0,210904,1,341847,1,776,1,776,1,0,1,96,1,2232,1,97,1,0,1,1,1,0,1,0,1,1,1,8,1,12,1,0,1,0,1,224,1,16247,1,0,1,0,1,2129,1,561,1,8,1,8,1,0,1,93002,1,97,1,13646,1,5808,1,114978,1,561,1,1,1,32,1,32,1
122,1900900,4462,9546,28.978441,,0,10,8,96,31393,8957,29195,1869507,16,215,50,1,26380,1,40,1,263113,1,211304,1,116453,1,1241155,1,11011,1,112225,1,12273,4,312187,4,79242,4,236713,4,447617,8,606662,96,48473,24,3547,1,25729,1,2665,1,0,0,0,0,0,0,0,0,156720,1,34256,1,5170,1,5270,1,53713,1,175436,1,28444,1,3617,1,5571,1,31079,1,69723,1,16238,1,241,1,9546,1,4462,1,16479,1,9546,1,48,1,1240,1,1,1,0,1,4197,1,5043,1,306,1,0,0,215851,1,327558,1,776,1,776,1,0,1,96,1,2244,1,97,1,0,1,1,1,0,1,0,1,1,1,8,1,12,1,0,1,0,1,229,1,16238,1,0,1,0,1,2228,1,106557,1,8,1,8,1,0,1,88848,1,97,1,13778,1,3927,1,115473,1,16021,1,1,1,31,1,31,1
123,1866300,4463,9546,28.979033,,0,11,8,96,31239,9047,29676,1835061,16,227,130,1,26731,1,50,1,261250,1,183551,1,115361,1,1236967,1,11021,1,111874,1,12183,4,309372,4,78801,4,237635,4,446725,8,606401,96,48282,36,3336,1,25318,1,2675,1,0,0,0,0,0,0,0,0,130520,1,32652,1,5270,1,5360,1,52260,1,174454,1,28935,1,3316,1,5641,1,30849,1,69964,1,16249,1,233,1,9546,1,4463,1,16482,1,9546,1,48,1,1240,1,1,1,0,1,4235,1,5044,1,267,1,0,0,206150,1,304227,1,776,1,776,1,0,1,96,1,2244,1,97,1,0,1,2,1,0,1,0,1,1,1,8,1,20,1,0,1,0,1,213,1,16249,1,0,1,0,1,2129,1,49599,1,8,1,8,1,0,1,86221,1,97,1,13283,1,6039,1,113625,1,17787,1,1,1,32,1,32,1
124,2190400,4462,9546,28.979574,,0,11,8,96,32761,23325,32872,2157639,16,227,70,1,31120,1,20,1,307458,1,215132,1,167631,1,1424346,1,11863,1,163873,1,16071,4,395667,4,85393,4,256431,4,450201,8,624366,96,49394,36,3457,1,27102,1,2825,1,0,0,0,0,0,0,0,0,146881,1,42151,1,6643,1,6803,1,63411,1,193901,1,42812,1,4929,1,11512,1,32913,1,111533,1,16255,1,228,1,9546,1,4462,1,16483,1,9546,1,48,1,1240,1,1,1,0,1,4251,1,5044,1,251,1,0,0,220307,1,295482,1,776,1,776,1,0,1,96,1,2232,1,97,1,0,1,2,1,0,1,0,1,1,1,8,1,20,1,0,1,0,1,208,1,16255,1,0,1,0,1,5659,1,1056,1,8,1,8,1,0,1,83542,1,97,1,15295,1,3201,1,117408,1,1056,1,1,1,32,1,32,1
125,2045200,4463,9546,28.98009,,0,11,8,96,32859,9208,29476,2012341,16,227,120,1,31200,1,50,1,296087,1,209661,1,154476,1,1309826,1,10921,1,117214,1,12985,4,359177,4,79843,4,240510,4,455812,8,614596,96,52250,36,3998,1,28104,1,2976,1,0,0,0,0,0,0,0,0,152832,1,32903,1,6142,1,7023,1,65395,1,182900,1,40317,1,4489,1,7003,1,30298,1,72779,1,16247,1,240,1,9546,1,4463,1,16487,1,9546,1,48,1,1240,1,1,1,0,1,4274,1,5044,1,228,1,0,0,215814,1,337194,1,776,1,776,1,0,1,96,1,2232,1,97,1,0,1,2,1,0,1,0,1,1,1,8,1,20,1,0,1,0,1,220,1,16247,1,0,1,0,1,4769,1,100617,1,8,1,8,1,0,1,88433,1,97,1,13844,1,3663,1,117205,1,15180,1,1,1,32,1,32,1
126,1913200,4466,9546,28.980558,,0,11,8,96,31489,8917,30127,1881711,16,227,150,1,26701,1,40,1,263484,1,201756,1,114008,1,1264690,1,10881,1,112255,1,11923,4,309222,4,81416,4,243185,4,464318,8,624576,96,52801,36,3697,1,27022,1,2735,1,0,0,0,0,0,0,0,0,149486,1,31580,1,5010,1,5240,1,53072,1,177049,1,27853,1,3196,1,5691,1,30168,1,70976,1,16264,1,246,1,9546,1,4466,1,16510,1,9546,1,48,1,1240,1,1,1,0,1,4250,1,5043,1,253,1,0,0,226164,1,341319,1,776,1,776,1,0,1,96,1,2244,1,97,1,0,1,2,1,0,1,0,1,1,1,8,1,20,1,0,1,0,1,226,1,16264,1,0,1,0,1,2855,1,858,1,8,1,8,1,0,1,95441,1,97,1,13481,1,2673,1,129333,1,858,1,1,1,32,1,32,1
127,2094500,4466,9546,28.98101,,0,11,8,96,34558,9348,38231,2059942,16,227,130,1,31150,1,50,1,303902,1,191597,1,161489,1,1359932,1,11692,1,118657,1,13336,4,371621,4,86125,4,255098,4,473486,8,636400,96,53953,36,3356,1,26210,1,2695,1,0,0,0,0,0,0,0,0,132293,1,34897,1,6462,1,6783,1,65135,1,193590,1,37812,1,4408,1,7094,1,30398,1,74032,1,16262,1,252,1,9546,1,4466,1,16514,1,9546,1,48,1,1240,1,1,1,0,1,4294,1,5042,1,210,1,0,0,218629,1,310530,1,775,1,776,1,0,1,96,1,2244,1,97,1,0,1,2,1,0,1,0,1,1,1,8,1,20,1,0,1,0,1,232,1,16262,1,0,1,0,1,5214,1,51909,1,8,1,8,1,0,1,87391,1,97,1,13266,1,429,1,116061,1,15939,1,1,1,31,1,31,1
128,2032000,4468,9546,28.981445,,0,11,8,96,30730,8997,30879,2001270,16,227,50,1,31120,1,40,1,291939,1,183471,1,155047,1,1328743,1,10861,1,115341,1,12905,4,377362,4,79071,4,244929,4,458117,8,619305,96,52861,36,3517,1,25809,1,2695,1,0,0,0,0,0,0,0,0,126242,1,34476,1,6012,1,6673,1,65165,1,180686,1,39125,1,4378,1,7094,1,30468,1,70916,1,16271,1,247,1,9546,1,4468,1,16518,1,9546,1,48,1,1240,1,1,1,0,1,4315,1,5042,1,189,1,0,0,210258,1,330693,1,776,1,776,1,0,1,96,1,2244,1,97,1,0,1,2,1,0,1,0,1,1,1,8,1,20,1,0,1,0,1,227,1,16271,1,0,1,0,1,2426,1,924,1,8,1,8,1,0,1,86583,1,97,1,13613,1,6666,1,114796,1,924,1,1,1,32,1,32,1
129,1876300,4465,9546,28.981846,,0,11,8,96,31510,8817,29206,1844790,16,227,120,1,26310,1,30,1,262362,1,173171,1,115601,1,1256084,1,11111,1,112064,1,12494,4,312919,4,78921,4,243426,4,456063,8,619606,96,50677,36,2995,1,25739,1,2645,1,0,0,0,0,0,0,0,0,121282,1,33033,1,4909,1,5320,1,53342,1,175376,1,28044,1,3546,1,5801,1,30869,1,69713,1,16277,1,243,1,9546,1,4465,1,16520,1,9546,1,48,1,1240,1,1,1,0,1,4342,1,5041,1,163,1,0,0,211216,1,376134,1,776,1,776,1,0,1,96,1,2244,1,97,1,0,1,2,1,0,1,0,1,1,1,8,1,24,1,0,1,0,1,219,1,16277,1,0,1,0,1,3020,1,18315,1,8,1,8,1,0,1,95003,1,97,1,13283,1,2343,1,113938,1,3844,1,1,1,32,1,32,1
130,1833400,4468,9546,28.982235,,0,11,8,96,31682,8837,29135,1801718,16,227,60,1,26220,1,40,1,258364,1,173652,1,112515,1,1220115,1,10751,1,110461,1,11742,4,299734,4,78991,4,234659,4,443629,8,601181,96,47972,36,2976,1,26441,1,2645,1,0,0,0,0,0,0,0,0,122384,1,31771,1,5240,1,5450,1,51619,1,173632,1,27382,1,3386,1,5601,1,30528,1,68932,1,16294,1,233,1,9546,1,4468,1,16527,1,9546,1,48,1,1240,1,1,1,0,1,4301,1,5041,1,204,1,0,0,214918,1,328284,1,776,1,776,1,0,1,96,1,2220,1,97,1,0,1,2,1,0,1,0,1,1,1,8,1,24,1,0,1,0,1,209,1,16294,1,0,1,0,1,1997,1,8844,1,8,1,8,1,0,1,88287,1,97,1,13415,1,2178,1,114697,1,3217,1,1,1,32,1,32,1
131,1902200,4466,9546,28.982603,,0,10,8,96,32081,9128,33101,1870119,16,215,60,1,26771,1,40,1,258535,1,173101,1,113016,1,1287664,1,10931,1,112074,1,12324,4,305605,4,79953,4,261741,4,471202,8,651880,96,47962,24,5921,1,27002,1,2715,1,0,0,0,0,0,0,0,0,119619,1,34696,1,4699,1,5270,1,52040,1,173111,1,27833,1,3366,1,5631,1,30248,1,70826,1,16315,1,230,1,9546,1,4466,1,16545,1,9546,1,48,1,1240,1,1,1,0,1,4355,1,5041,1,150,1,0,0,220943,1,334785,1,775,1,776,1,0,1,96,1,2244,1,97,1,0,1,1,1,0,1,0,1,1,1,8,1,16,1,0,1,0,1,214,1,16315,1,0,1,0,1,2228,1,66099,1,8,1,8,1,0,1,96557,1,97,1,13514,1,396,1,116880,1,14800,1,1,1,32,1,32,1
132,1922100,4467,9546,28.982958,,0,10,8,96,32414,9198,34604,1889686,16,215,70,1,26120,1,40,1,258074,1,187248,1,113678,1,1293425,1,11031,1,115120,1,12294,4,303090,4,82929,4,255108,4,480109,8,652661,96,47952,24,6072,1,26841,1,2665,1,0,0,0,0,0,0,0,0,134097,1,33885,1,5050,1,5681,1,52040,1,172029,1,28044,1,3336,1,5601,1,30288,1,73821,1,16329,1,224,1,9546,1,4467,1,16553,1,9546,1,48,1,1240,1,1,1,0,1,4360,1,5042,1,144,1,0,0,215282,1,357027,1,776,1,776,1,0,1,96,1,2244,1,97,1,0,1,1,1,0,1,0,1,1,1,8,1,16,1,0,1,0,1,208,1,16329,1,0,1,0,1,2244,1,86658,1,8,1,8,1,0,1,106955,1,97,1,13811,1,1254,1,113724,1,15043,1,1,1,32,1,32,1
133,1835000,4465,9546,28.983284,,0,10,8,96,33423,9028,28705,1801577,16,215,120,1,26441,1,40,1,261019,1,166178,1,112445,1,1224303,1,11031,1,118527,1,12133,4,301226,4,79472,4,234038,4,438058,8,600590,96,42802,24,3056,1,26080,1,2685,1,0,0,0,0,0,0,0,0,115461,1,31801,1,4919,1,5991,1,52661,1,174103,1,27984,1,3527,1,5641,1,30639,1,76617,1,16326,1,227,1,9546,1,4465,1,16553,1,9546,1,48,1,1240,1,1,1,0,1,4361,1,5042,1,143,1,0,0,207655,1,321684,1,776,1,776,1,0,1,96,1,2244,1,97,1,0,1,1,1,0,1,0,1,1,1,8,1,16,1,0,1,0,1,211,1,16326,1,0,1,0,1,2426,1,1848,1,8,1,8,1,0,1,82626,1,97,1,14174,1,5742,1,113955,1,874,1,1,1,32,1,32,1
134,1848400,4464,9546,28.983583,,0,10,8,96,30802,8918,30356,1817598,16,215,120,1,26350,1,30,1,259136,1,169254,1,112215,1,1239592,1,10901,1,110742,1,12053,4,301587,4,79071,4,238887,4,457025,8,620910,96,44645,24,3096,1,25539,1,2675,1,0,0,0,0,0,0,0,0,119479,1,31170,1,4739,1,5360,1,51639,1,173983,1,27863,1,3527,1,5611,1,31200,1,68311,1,16330,1,223,1,9546,1,4464,1,16553,1,9546,1,48,1,1240,1,1,1,0,1,4358,1,5042,1,146,1,0,0,212537,1,319011,1,776,1,776,1,0,1,96,1,2244,1,97,1,0,1,1,1,0,1,0,1,1,1,8,1,16,1,0,1,0,1,207,1,16330,1,0,1,0,1,2393,1,26994,1,8,1,8,1,0,1,91240,1,97,1,13580,1,1155,1,114681,1,1980,1,1,1,31,1,31,1
135,1834900,4468,9546,28.98386,,0,10,8,96,31840,9087,28925,1803060,16,215,140,1,26631,1,30,1,259497,1,175055,1,113327,1,1217550,1,10831,1,112235,1,11732,4,300735,4,79121,4,232565,4,440383,8,601381,96,42642,24,2976,1,26050,1,2665,1,0,0,0,0,0,0,0,0,120210,1,35618,1,5080,1,5511,1,53492,1,172460,1,27763,1,3366,1,5671,1,30619,1,70515,1,16320,1,233,1,9546,1,4468,1,16553,1,9546,1,48,1,1240,1,1,1,0,1,4365,1,5040,1,141,1,0,0,211377,1,345345,1,776,1,776,1,0,1,96,1,2232,1,97,1,0,1,1,1,0,1,0,1,1,1,8,1,16,1,0,1,0,1,217,1,16320,1,0,1,0,1,2129,1,64284,1,8,1,8,1,0,1,93250,1,97,1,13283,1,5643,1,114615,1,16038,1,1,1,31,1,31,1
136,1878400,4468,9546,28.984129,,0,11,8,96,31927,9188,34735,1846473,16,227,30,1,30669,1,40,1,275377,1,169244,1,120631,1,1238770,1,11712,1,113036,1,12674,4,314442,4,79282,4,234378,4,444040,8,596293,96,47391,36,3096,1,25920,1,2715,1,0,0,0,0,0,0,0,0,116102,1,32943,1,4769,1,5460,1,55927,1,183892,1,29697,1,4077,1,5871,1,30579,1,70425,1,16322,1,228,1,9546,1,4468,1,16550,1,9546,1,48,1,1240,1,1,1,0,1,4365,1,5039,1,142,1,0,0,207576,1,280500,1,776,1,776,1,0,1,96,1,2244,1,97,1,0,1,2,1,0,1,0,1,1,1,8,1,20,1,0,1,0,1,208,1,16322,1,0,1,0,1,4999,1,792,1,8,1,8,1,0,1,78711,1,97,1,13678,1,2640,1,110379,1,792,1,1,1,31,1,31,1
137,1828000,4466,9546,28.984394,,0,10,8,96,31021,8867,29085,1796979,16,215,10,1,30879,1,40,1,257753,1,165497,1,113728,1,1218201,1,10871,1,113878,1,12003,4,300345,4,78791,4,236292,4,437036,8,601612,96,42632,24,3026,1,25308,1,2655,1,0,0,0,0,0,0,0,0,114239,1,32462,1,4889,1,5470,1,52771,1,171388,1,27853,1,3447,1,5661,1,30528,1,72138,1,16331,1,221,1,9546,1,4466,1,16552,1,9546,1,48,1,1240,1,1,1,0,1,4410,1,5037,1,99,1,0,0,210160,1,342639,1,776,1,776,1,0,1,96,1,2244,1,97,1,0,1,1,1,0,1,0,1,1,1,8,1,12,1,0,1,0,1,209,1,16331,1,0,1,0,1,2393,1,52371,1,8,1,8,1,0,1,93525,1,97,1,13811,1,5874,1,113361,1,14767,1,1,1,32,1,32,1
138,1925100,4469,9546,28.984627,,0,10,8,96,31126,9899,34774,1893974,16,215,80,1,26451,1,30,1,257773,1,176398,1,117264,1,1304947,1,11031,1,118647,1,12845,4,303701,4,84462,4,260088,4,480530,8,657160,96,48683,24,4218,1,27743,1,2815,1,0,0,0,0,0,0,0,0,123747,1,34105,1,4769,1,5470,1,52100,1,172129,1,27803,1,3677,1,5711,1,30298,1,76807,1,16323,1,228,1,9546,1,4469,1,16551,1,9546,1,48,1,1240,1,1,1,0,1,4390,1,5036,1,120,1,0,0,216927,1,354090,1,776,1,776,1,0,1,96,1,2256,1,97,1,0,1,1,1,0,1,0,1,1,1,8,1,12,1,0,1,0,1,216,1,16323,1,0,1,0,1,2030,1,825,1,8,1,8,1,0,1,97190,1,97,1,13514,1,1980,1,116231,1,825,1,1,1,32,1,32,1
139,2233600,4467,9545,28.984867,,0,10,8,96,33470,9588,31440,2200130,16,215,70,1,26471,1,40,1,260609,1,198019,1,115281,1,1588279,1,11362,1,125821,1,12805,4,395777,4,82117,4,310304,4,597483,8,832854,96,43493,24,6122,1,44014,1,4248,1,0,0,0,0,0,0,0,0,141050,1,37161,1,4789,1,5871,1,54104,1,171839,1,28394,1,3787,1,5811,1,30568,1,83500,1,16329,1,224,1,9545,1,4467,1,16553,1,9545,1,48,1,1240,1,1,1,0,1,4404,1,5036,1,105,1,0,0,217569,1,584727,1,776,1,776,1,0,1,96,1,2244,1,97,1,0,1,1,1,0,1,0,1,1,1,8,1,12,1,0,1,0,1,212,1,16329,1,0,1,0,1,2211,1,65736,1,8,1,8,1,0,1,148328,1,97,1,17391,1,1155,1,122022,1,14932,1,1,1,32,1,32,1
140,1892200,4466,9545,28.985088,,0,10,8,96,32712,8957,29855,1859488,16,215,50,1,26721,1,20,1,274365,1,169725,1,115721,1,1261784,1,11101,1,112896,1,11933,4,336644,4,79091,4,235240,4,440473,8,603277,96,42581,24,4178,1,29286,1,3086,1,0,0,0,0,0,0,0,0,119509,1,31861,1,4739,1,5811,1,55516,1,183441,1,29286,1,3487,1,5571,1,30508,1,71266,1,16316,1,226,1,9545,1,4466,1,16542,1,9545,1,48,1,1240,1,1,1,0,1,4422,1,5037,1,86,1,0,0,210387,1,326997,1,776,1,776,1,0,1,96,1,2232,1,97,1,0,1,1,1,0,1,0,1,1,1,8,1,15,1,0,1,0,1,211,1,16316,1,0,1,0,1,2426,1,660,1,8,1,8,1,0,1,87108,1,97,1,13184,1,2178,1,114928,1,660,1,1,1,32,1,32,1
141,1961000,4466,9545,28.985296,,0,10,8,96,32860,9448,35166,1928140,16,215,70,1,26461,1,40,1,267111,1,177119,1,112345,1,1333602,1,11392,1,111523,1,12394,4,320353,4,80183,4,256100,4,501720,8,674522,96,48132,24,6242,1,32402,1,3236,1,0,0,0,0,0,0,0,0,124398,1,33715,1,5080,1,6052,1,52981,1,179804,1,27913,1,3376,1,5460,1,30679,1,70054,1,16320,1,226,1,9545,1,4466,1,16546,1,9545,1,48,1,1240,1,1,1,0,1,4420,1,5037,1,88,1,0,0,215982,1,386397,1,774,1,775,1,0,1,96,1,2232,1,97,1,0,1,1,1,0,1,0,1,1,1,8,1,15,1,0,1,0,1,211,1,16320,1,1,1,0,1,2888,1,45474,1,8,1,8,1,0,1,93517,1,97,1,13118,1,363,1,114912,1,15031,1,1,1,32,1,32,1
142,1926700,4466,9545,28.985493,,0,10,8,96,32916,9989,30567,1893784,16,215,60,1,26571,1,120,1,266260,1,193120,1,115301,1,1280901,1,11452,1,120390,1,13025,4,320974,4,81466,4,237905,4,450783,8,615239,96,42882,24,3948,1,37572,1,4849,1,0,0,0,0,0,0,0,0,135890,1,38113,1,4980,1,5941,1,54374,1,177309,1,28234,1,3637,1,5661,1,30368,1,78511,1,16329,1,223,1,9545,1,4466,1,16552,1,9545,1,48,1,1240,1,1,1,0,1,4417,1,5037,1,91,1,0,0,214346,1,349866,1,776,1,776,1,0,1,96,1,2244,1,97,1,0,1,1,1,0,1,0,1,1,1,8,1,16,1,0,1,0,1,207,1,16329,1,0,1,0,1,2376,1,627,1,8,1,8,1,0,1,89432,1,97,1,14009,1,1815,1,113592,1,627,1,1,1,32,1,32,1
143,2064300,4468,9545,28.98568,,0,10,8,96,33133,9488,29595,2031167,16,215,60,1,31951,1,40,1,312889,1,230531,1,168412,1,1276202,1,11081,1,137363,1,12855,4,324080,4,78671,4,236763,4,447025,8,611201,96,42992,24,3497,1,23816,1,2645,1,0,0,0,0,0,0,0,0,170546,1,35608,1,6522,1,7605,1,69894,1,192348,1,42662,1,4809,1,7685,1,30729,1,91525,1,16324,1,226,1,9545,1,4468,1,16550,1,9545,1,48,1,1240,1,1,1,0,1,4422,1,5038,1,85,1,0,0,212368,1,329109,1,776,1,776,1,0,1,96,1,2244,1,97,1,0,1,1,1,0,1,0,1,1,1,8,1,15,1,0,1,0,1,211,1,16324,1,0,1,0,1,2921,1,82929,1,8,1,8,1,0,1,79752,1,97,1,13514,1,2574,1,113640,1,16120,1,1,1,32,1,32,1
144,1914400,4471,9545,28.985857,,0,10,8,96,31417,8917,32230,1882983,16,215,70,1,26581,1,40,1,257673,1,172089,1,113126,1,1301851,1,11552,1,117094,1,11853,4,300645,4,78791,4,243797,4,506059,8,669232,96,48393,24,6102,1,25940,1,2655,1,0,0,0,0,0,0,0,0,122174,1,31440,1,4689,1,5851,1,50447,1,173272,1,27863,1,3537,1,5561,1,31220,1,74092,1,16320,1,236,1,9545,1,4471,1,16556,1,9545,1,48,1,1240,1,1,1,0,1,4439,1,5037,1,69,1,0,0,224085,1,366498,1,776,1,776,1,0,1,96,1,2256,1,97,1,0,1,1,1,0,1,0,1,1,1,8,1,15,1,0,1,0,1,221,1,16320,1,0,1,0,1,2063,1,70224,1,8,1,8,1,0,1,101200,1,97,1,13217,1,4455,1,119119,1,16549,1,1,1,32,1,32,1
145,1855900,4470,9545,28.986025,,0,10,8,96,31018,9087,30116,1824882,16,215,70,1,26801,1,20,1,260508,1,164054,1,114720,1,1247758,1,10951,1,113136,1,12003,4,304793,4,79262,4,240540,4,457005,8,617483,96,49946,24,3697,1,25459,1,2775,1,0,0,0,0,0,0,0,0,111754,1,34225,1,4599,1,5571,1,52110,1,174394,1,28144,1,3036,1,5641,1,30428,1,72018,1,16316,1,243,1,9545,1,4470,1,16559,1,9545,1,48,1,1240,1,1,1,0,1,4440,1,5038,1,67,1,0,0,219369,1,353958,1,776,1,776,1,0,1,96,1,2244,1,97,1,0,1,1,1,0,1,0,1,1,1,8,1,16,1,0,1,0,1,227,1,16316,1,0,1,0,1,1832,1,3597,1,8,1,8,1,0,1,94235,1,97,1,13712,1,5907,1,124234,1,1023,1,1,1,32,1,32,1
146,1902100,4468,9545,28.986183,,0,10,8,96,30759,8957,29967,1871341,16,215,30,1,26972,1,30,1,267762,1,163453,1,116874,1,1284969,1,11252,1,114118,1,12444,4,324932,4,78330,4,237885,4,473516,8,634134,96,47301,24,4028,1,27833,1,2926,1,0,0,0,0,0,0,0,0,112034,1,33113,1,4739,1,5671,1,53903,1,179313,1,28565,1,3637,1,5601,1,31029,1,71697,1,16315,1,237,1,9545,1,4468,1,16552,1,9545,1,48,1,1240,1,1,1,0,1,4440,1,5039,1,66,1,0,0,210984,1,398079,1,775,1,775,1,0,1,96,1,2244,1,97,1,0,1,1,1,0,1,0,1,1,1,8,1,15,1,0,1,0,1,222,1,16315,1,0,1,0,1,1931,1,25443,1,8,1,8,1,0,1,105079,1,97,1,13514,1,5577,1,115159,1,2871,1,1,1,32,1,32,1
147,1865700,4467,9545,28.98633,,0,10,8,96,30478,8817,29155,1835222,16,215,30,1,26541,1,30,1,268614,1,165567,1,115561,1,1247948,1,10931,1,110021,1,12434,4,324160,4,78710,4,235150,4,444831,8,608916,96,41910,24,3958,1,26952,1,2916,1,0,0,0,0,0,0,0,0,114249,1,33534,1,4589,1,5741,1,52881,1,181527,1,28164,1,3457,1,5561,1,30709,1,68231,1,16336,1,224,1,9545,1,4467,1,16560,1,9545,1,48,1,1240,1,1,1,0,1,4457,1,5039,1,49,1,0,0,207517,1,324819,1,776,1,776,1,0,1,96,1,2268,1,97,1,0,1,1,1,0,1,0,1,1,1,8,1,16,1,0,1,0,1,208,1,16336,1,0,1,0,1,2393,1,69201,1,8,1,8,1,0,1,87109,1,97,1,13629,1,1881,1,113558,1,15477,1,1,1,32,1,32,1
148,1834000,4465,9545,28.98647,,0,10,8,96,31300,8887,29075,1802700,16,215,40,1,26541,1,40,1,264717,1,163513,1,115170,1,1221788,1,10891,1,112936,1,11953,4,300305,4,78791,4,237995,4,441665,8,607734,96,42852,24,3026,1,23575,1,2655,1,0,0,0,0,0,0,0,0,112766,1,32362,1,4779,1,5671,1,51268,1,179664,1,27863,1,3467,1,5601,1,30689,1,71166,1,16341,1,222,1,9545,1,4465,1,16563,1,9545,1,48,1,1240,1,1,1,0,1,4449,1,5039,1,57,1,0,0,209516,1,346170,1,776,1,776,1,0,1,96,1,2256,1,97,1,0,1,1,1,0,1,0,1,1,1,8,1,15,1,0,1,0,1,207,1,16341,1,0,1,0,1,2261,1,55506,1,8,1,8,1,0,1,89355,1,97,1,13844,1,3762,1,115489,1,13827,1,1,1,32,1,32,1
149,1906600,4466,9545,28.986603,,0,10,8,96,36552,9438,36366,1870048,16,215,150,1,31320,1,50,1,283863,1,171668,1,129999,1,1242087,1,10911,1,115501,1,12103,4,313269,4,79873,4,242133,4,438028,8,602517,96,41279,24,3186,1,25839,1,2715,1,0,0,0,0,0,0,0,0,117425,1,34656,1,5020,1,5931,1,56588,1,188290,1,32472,1,4178,1,6102,1,30518,1,72328,1,16345,1,221,1,9545,1,4466,1,16566,1,9545,1,48,1,1240,1,1,1,0,1,4445,1,5039,1,61,1,0,0,214556,1,294459,1,776,1,776,1,0,1,96,1,2256,1,97,1,0,1,1,1,0,1,0,1,1,1,8,1,16,1,0,1,0,1,205,1,16345,1,0,1,0,1,15065,1,57882,1,8,1,8,1,0,1,84294,1,97,1,14949,1,5841,1,114939,1,15807,1,1,1,32,1,32,1
150,1855400,4467,9545,28.986732,,0,10,8,96,30508,8877,29656,1824892,16,215,90,1,31079,1,40,1,266069,1,169184,1,120741,1,1226717,1,10971,1,112966,1,12193,4,306557,4,78811,4,237525,4,439130,8,604638,96,42361,24,2976,1,25028,1,2655,1,0,0,0,0,0,0,0,0,119368,1,31771,1,4599,1,5591,1,53893,1,176448,1,29867,1,3647,1,5791,1,30508,1,70866,1,16347,1,217,1,9545,1,4467,1,16564,1,9545,1,48,1,1240,1,1,1,0,1,4448,1,5039,1,58,1,0,0,215767,1,339603,1,776,1,776,1,0,1,96,1,2244,1,97,1,0,1,1,1,0,1,0,1,1,1,8,1,15,1,0,1,0,1,202,1,16347,1,0,1,0,1,2558,1,46761,1,8,1,8,1,0,1,98314,1,97,1,13151,1,6402,1,116182,1,17044,1,1,1,32,1,32,1
151,1819100,4467,9545,28.986855,,0,10,8,96,30728,8907,32602,1788372,16,215,50,1,26761,1,40,1,259697,1,159946,1,112746,1,1218271,1,10861,1,110401,1,12003,4,300345,4,78891,4,236442,4,442036,8,602944,96,42932,24,2946,1,23635,1,2665,1,0,0,0,0,0,0,0,0,108999,1,33204,1,4569,1,5631,1,51619,1,174454,1,27713,1,3557,1,5591,1,30689,1,68501,1,16333,1,229,1,9545,1,4467,1,16562,1,9545,1,48,1,1240,1,1,1,0,1,4444,1,5039,1,62,1,0,0,212007,1,328581,1,776,1,776,1,0,1,96,1,2232,1,97,1,0,1,1,1,0,1,0,1,1,1,8,1,15,1,0,1,0,1,214,1,16333,1,0,1,0,1,1997,1,8811,1,8,1,8,1,0,1,93698,1,97,1,13745,1,5676,1,112288,1,2095,1,1,1,32,1,32,1
152,1829400,4465,9545,28.986967,,0,10,8,96,34806,8937,28754,1794594,16,215,40,1,26681,1,20,1,257703,1,166358,1,114409,1,1218381,1,11001,1,109590,1,11843,4,301256,4,79462,4,235771,4,441184,8,605590,96,42612,24,2985,1,24687,1,2665,1,0,0,0,0,0,0,0,0,114409,1,33795,1,4799,1,5561,1,50687,1,173252,1,27923,1,3206,1,5671,1,30398,1,68321,1,16330,1,229,1,9545,1,4465,1,16559,1,9545,1,48,1,1240,1,1,1,0,1,4455,1,5041,1,49,1,0,0,207950,1,336369,1,776,1,776,1,0,1,96,1,2244,1,97,1,0,1,1,1,0,1,0,1,1,1,8,1,12,1,0,1,0,1,217,1,16330,1,0,1,0,1,2987,1,49599,1,8,1,8,1,0,1,94357,1,97,1,13316,1,3795,1,114120,1,17539,1,1,1,32,1,32,1
153,1823000,4464,9545,28.987074,,0,10,8,96,31712,8927,29365,1791288,16,215,50,1,27162,1,30,1,259707,1,156850,1,112295,1,1224263,1,10931,1,115120,1,11803,4,301417,4,78701,4,236553,4,440944,8,605119,96,43012,24,2996,1,25128,1,2675,1,0,0,0,0,0,0,0,0,106804,1,32502,1,4519,1,5701,1,50266,1,175426,1,28044,1,3496,1,5581,1,30589,1,73531,1,16337,1,226,1,9545,1,4464,1,16563,1,9545,1,48,1,1240,1,1,1,0,1,4459,1,5042,1,44,1,0,0,214991,1,321387,1,776,1,776,1,0,1,96,1,2244,1,97,1,0,1,1,1,0,1,0,1,1,1,8,1,16,1,0,1,0,1,210,1,16337,1,0,1,0,1,2129,1,8448,1,8,1,8,1,0,1,92553,1,97,1,13613,1,5016,1,111430,1,2260,1,1,1,32,1,32,1
154,1840400,4465,9545,28.987171,,0,10,8,96,31008,8906,41469,1809392,16,215,50,1,26871,1,40,1,258374,1,158453,1,112746,1,1241666,1,11191,1,111103,1,12013,4,301287,4,79823,4,258966,4,438810,8,613275,96,43032,24,2956,1,25138,1,2665,1,0,0,0,0,0,0,0,0,108227,1,32562,1,4639,1,5841,1,51158,1,173242,1,27833,1,3677,1,5601,1,30969,1,68942,1,16344,1,223,1,9545,1,4465,1,16567,1,9545,1,48,1,1240,1,1,1,0,1,4461,1,5042,1,42,1,0,0,219084,1,334917,1,774,1,775,1,0,1,96,1,2232,1,97,1,0,1,1,1,0,1,0,1,1,1,8,1,15,1,0,1,0,1,208,1,16344,1,0,1,0,1,2261,1,8943,1,8,1,8,1,0,1,97076,1,97,1,13580,1,1254,1,113492,1,2557,1,1,1,32,1,32,1
155,1830000,4466,9545,28.987276,,0,10,8,96,32130,8927,28684,1797870,16,215,50,1,26631,1,40,1,256511,1,165968,1,113317,1,1224443,1,10911,1,117795,1,11863,4,301256,4,79111,4,235270,4,439291,8,602824,96,43052,24,3056,1,25188,1,2685,1,0,0,0,0,0,0,0,0,115020,1,32562,1,4939,1,5781,1,50447,1,172240,1,27823,1,3407,1,5641,1,30869,1,75865,1,16343,1,224,1,9545,1,4466,1,16567,1,9545,1,48,1,1240,1,1,1,0,1,4451,1,5042,1,52,1,0,0,214894,1,313665,1,776,1,776,1,0,1,96,1,2244,1,97,1,0,1,1,1,0,1,0,1,1,1,8,1,16,1,0,1,0,1,208,1,16343,1,0,1,0,1,2393,1,60654,1,8,1,8,1,0,1,92670,1,97,1,12755,1,5544,1,117238,1,13992,1,1,1,32,1,32,1
156,1887100,4466,9545,28.98737,,0,10,8,96,32030,11031,29986,1855070,16,215,30,1,31100,1,50,1,283402,1,169845,1,135299,1,1223341,1,12003,1,114469,1,12103,4,302479,4,79432,4,232856,4,438299,8,599238,96,41930,24,3026,1,26932,1,2715,1,0,0,0,0,0,0,0,0,117715,1,32612,1,5300,1,6132,1,57941,1,185224,1,33735,1,3597,1,5691,1,30488,1,69653,1,16348,1,216,1,9545,1,4466,1,16564,1,9545,1,48,1,1240,1,1,1,0,1,4455,1,5040,1,50,1,0,0,211017,1,321486,1,772,1,772,1,0,1,96,1,2232,1,97,1,0,1,1,1,0,1,0,1,1,1,8,1,15,1,0,1,0,1,201,1,16348,1,0,1,0,1,14223,1,63591,1,8,1,8,1,0,1,79776,1,97,1,13431,1,2145,1,112415,1,15526,1,1,1,32,1,32,1
157,1862800,4464,9545,28.987461,,0,10,8,96,32367,9037,28946,1830433,16,215,80,1,31019,1,50,1,270217,1,166849,1,133345,1,1217961,1,10911,1,117986,1,12304,4,300625,4,78470,4,233186,4,435494,8,597143,96,42592,24,3036,1,25158,1,2665,1,0,0,0,0,0,0,0,0,113367,1,34185,1,5350,1,6152,1,55897,1,173652,1,34205,1,4358,1,6302,1,30538,1,74292,1,16345,1,219,1,9545,1,4464,1,16564,1,9545,1,48,1,1240,1,1,1,0,1,4460,1,5041,1,44,1,0,0,207750,1,353760,1,776,1,776,1,0,1,96,1,2232,1,97,1,0,1,1,1,0,1,0,1,1,1,8,1,15,1,0,1,0,1,204,1,16345,1,0,1,0,1,2162,1,63723,1,8,1,8,1,0,1,99073,1,97,1,13976,1,6501,1,114466,1,14916,1,1,1,32,1,32,1
158,1818500,4468,9545,28.987545,,0,10,8,96,30729,8977,28904,1787771,16,215,50,1,26431,1,40,1,256791,1,158183,1,115391,1,1219985,1,10901,1,111613,1,12133,4,300545,4,78831,4,235561,4,441325,8,605240,96,42742,24,3016,1,25298,1,2685,1,0,0,0,0,0,0,0,0,106844,1,33564,1,4599,1,6032,1,49916,1,172961,1,27643,1,3276,1,5621,1,30819,1,69864,1,16331,1,233,1,9545,1,4468,1,16564,1,9545,1,48,1,1240,1,1,1,0,1,4467,1,5041,1,37,1,0,0,209136,1,338646,1,776,1,776,1,0,1,96,1,2244,1,97,1,0,1,1,1,0,1,0,1,1,1,8,1,20,1,0,1,0,1,213,1,16331,1,0,1,0,1,2459,1,30426,1,8,1,8,1,0,1,92557,1,97,1,13217,1,3432,1,114549,1,1534,1,1,1,32,1,32,1
159,1853300,4466,9545,28.987621,,0,10,8,96,31133,9248,30948,1822167,16,215,40,1,26541,1,40,1,255489,1,158093,1,113698,1,1257065,1,11201,1,109119,1,12203,4,300315,4,80985,4,256952,4,454329,8,634836,96,45497,24,5991,1,25228,1,2695,1,0,0,0,0,0,0,0,0,107245,1,33153,1,4549,1,5881,1,50216,1,171679,1,27453,1,3597,1,6122,1,30318,1,66958,1,16324,1,235,1,9545,1,4466,1,16559,1,9545,1,48,1,1240,1,1,1,0,1,4468,1,5041,1,36,1,0,0,211405,1,329901,1,775,1,775,1,0,1,96,1,2244,1,97,1,0,1,1,1,0,1,0,1,1,1,8,1,20,1,0,1,0,1,215,1,16324,1,0,1,0,1,1881,1,19899,1,8,1,8,1,0,1,97796,1,97,1,13415,1,4323,1,115522,1,2244,1,1,1,32,1,32,1
160,1820300,4466,9545,28.98769,,0,10,8,96,32579,8907,29445,1787721,16,215,130,1,26290,1,30,1,257823,1,159265,1,114319,1,1218872,1,10991,1,111824,1,11953,4,301787,4,78841,4,232475,4,443348,8,603456,96,42922,24,2926,1,24156,1,2655,1,0,0,0,0,0,0,0,0,107486,1,34366,1,4489,1,5811,1,50477,1,173642,1,27633,1,3196,1,5601,1,30538,1,70485,1,16337,1,227,1,9545,1,4466,1,16564,1,9545,1,48,1,1240,1,1,1,0,1,4466,1,5041,1,38,1,0,0,212535,1,318582,1,776,1,776,1,0,1,96,1,2244,1,97,1,0,1,1,1,0,1,0,1,1,1,8,1,19,1,0,1,0,1,208,1,16337,1,0,1,0,1,2360,1,5412,1,8,1,8,1,0,1,86719,1,97,1,13316,1,1221,1,112288,1,907,1,1,1,32,1,32,1
161,1817500,4467,9545,28.98776,,0,10,8,96,31031,8847,30036,1786469,16,215,130,1,26521,1,30,1,258174,1,161038,1,113657,1,1216047,1,10871,1,108427,1,12163,4,301016,4,79151,4,232916,4,442046,8,601473,96,43453,24,2986,1,25870,1,2625,1,0,0,0,0,0,0,0,0,111233,1,31981,1,4479,1,6122,1,50447,1,172981,1,28364,1,3376,1,5711,1,30759,1,66597,1,16327,1,236,1,9545,1,4467,1,16563,1,9545,1,48,1,1240,1,1,1,0,1,4471,1,5040,1,34,1,0,0,208274,1,339900,1,776,1,776,1,0,1,96,1,2244,1,97,1,0,1,1,1,0,1,0,1,1,1,8,1,20,1,0,1,0,1,216,1,16327,1,0,1,0,1,2030,1,19140,1,8,1,8,1,0,1,93417,1,97,1,13217,1,330,1,112882,1,2442,1,1,1,32,1,32,1
162,1815700,4469,9545,28.987827,,0,10,8,96,31015,8827,28603,1784685,16,215,120,1,26360,1,30,1,255479,1,161429,1,113517,1,1216628,1,11121,1,110682,1,12113,4,301998,4,78781,4,232816,4,440683,8,598487,96,46409,24,3006,1,24958,1,2765,1,0,0,0,0,0,0,0,0,111063,1,32332,1,4569,1,6102,1,49465,1,171759,1,27903,1,3306,1,5641,1,30819,1,68912,1,16321,1,241,1,9545,1,4469,1,16562,1,9545,1,48,1,1240,1,1,1,0,1,4470,1,5039,1,36,1,0,0,211442,1,310266,1,776,1,776,1,0,1,96,1,2244,1,97,1,0,1,1,1,0,1,0,1,1,1,8,1,20,1,0,1,0,1,221,1,16321,1,0,1,0,1,2492,1,59169,1,8,1,8,1,0,1,85018,1,97,1,13184,1,1650,1,113542,1,13513,1,1,1,32,1,32,1
163,1915600,4469,9545,28.987888,,0,10,8,96,35883,9839,31539,1879717,16,215,30,1,26501,1,30,1,254317,1,189202,1,113848,1,1284338,1,11452,1,121102,1,12714,4,301357,4,80925,4,253014,4,467294,8,643563,96,45207,24,6112,1,29036,1,2946,1,0,0,0,0,0,0,0,0,139747,1,31210,1,4459,1,6062,1,49515,1,170246,1,28254,1,3336,1,5981,1,30017,1,79111,1,16315,1,236,1,9545,1,4469,1,16551,1,9545,1,48,1,1240,1,1,1,0,1,4480,1,5040,1,25,1,0,0,216351,1,384549,1,776,1,776,1,0,1,96,1,2244,1,97,1,0,1,1,1,0,1,0,1,1,1,8,1,20,1,0,1,0,1,216,1,16315,1,0,1,0,1,2063,1,72699,1,8,1,8,1,0,1,105493,1,97,1,14867,1,5247,1,116858,1,16318,1,1,1,32,1,32,1
164,2134200,4466,9545,28.98795,,0,10,8,96,34562,9188,31620,2099638,16,215,60,1,27833,1,50,1,263965,1,178912,1,115591,1,1501653,1,11572,1,125400,1,12584,4,359969,4,80003,4,293872,4,574780,8,793589,96,43443,24,5280,1,36640,1,3938,1,0,0,0,0,0,0,0,0,127033,1,34115,1,4689,1,7364,1,54154,1,173332,1,28705,1,3296,1,5661,1,30558,1,83660,1,16323,1,221,1,9545,1,4466,1,16544,1,9545,1,48,1,1240,1,1,1,0,1,4482,1,5040,1,23,1,0,0,209209,1,655149,1,776,1,776,1,0,1,96,1,2232,1,97,1,0,1,1,1,0,1,0,1,1,1,8,1,19,1,0,1,0,1,202,1,16323,1,0,1,0,1,2954,1,67056,1,8,1,8,1,0,1,131506,1,97,1,14339,1,4653,1,113344,1,15559,1,1,1,32,1,32,1
165,1889100,4468,9545,28.988005,,0,10,8,96,32457,8887,30677,1856643,16,215,110,1,30078,1,40,1,272041,1,158614,1,115581,1,1269088,1,11091,1,110812,1,11722,4,334350,4,79061,4,239508,4,449751,8,610790,96,47791,24,4158,1,27793,1,3046,1,0,0,0,0,0,0,0,0,107095,1,33624,1,4499,1,7735,1,62630,1,173432,1,27933,1,3326,1,5661,1,30929,1,68912,1,16296,1,248,1,9545,1,4468,1,16544,1,9545,1,48,1,1240,1,1,1,0,1,4482,1,5040,1,23,1,0,0,210158,1,301752,1,776,1,776,1,0,1,96,1,2280,1,97,1,0,1,1,1,0,1,0,1,1,1,8,1,20,1,0,1,0,1,228,1,16296,1,0,1,0,1,2690,1,11781,1,8,1,8,1,0,1,81241,1,97,1,13679,1,1089,1,113806,1,478,1,1,1,32,1,32,1
166,2017300,4469,9545,28.988058,,0,10,8,96,30979,9528,33383,1986321,16,215,20,1,26651,1,20,1,265167,1,161038,1,115301,1,1406952,1,11171,1,156880,1,12464,4,310184,4,81927,4,289474,4,503443,8,708687,96,50847,24,6352,1,33504,1,3196,1,0,0,0,0,0,0,0,0,110662,1,32602,1,4539,1,6102,1,56719,1,174143,1,27974,1,3557,1,6282,1,69663,1,75174,1,16303,1,248,1,9545,1,4469,1,16551,1,9545,1,48,1,1240,1,1,1,0,1,4480,1,5040,1,25,1,0,0,220014,1,458832,1,776,1,776,1,0,1,96,1,2244,1,97,1,0,1,1,1,0,1,0,1,1,1,8,1,20,1,0,1,0,1,228,1,16303,1,0,1,0,1,2030,1,23001,1,8,1,8,1,0,1,130144,1,97,1,13745,1,9108,1,120922,1,2590,1,1,1,32,1,32,1
167,2316000,4468,9545,28.98811,,0,10,8,96,33302,10099,33292,2282698,16,215,90,1,27182,1,110,1,272612,1,188360,1,126803,1,1656059,1,11482,1,121112,1,14548,4,464659,4,96855,4,301868,4,606971,8,819700,96,55847,24,3306,1,33955,1,2685,1,0,0,0,0,0,0,0,0,124258,1,44625,1,4859,1,6613,1,57771,1,174915,1,32753,1,3807,1,5821,1,30388,1,78250,1,16302,1,243,1,9545,1,4468,1,16545,1,9545,1,48,1,1240,1,1,1,0,1,4479,1,5041,1,25,1,0,0,210188,1,521433,1,776,1,776,1,0,1,96,1,2244,1,97,1,0,1,1,1,0,1,0,1,1,1,8,1,20,1,0,1,0,1,223,1,16302,1,0,1,0,1,3053,1,54351,1,8,1,8,1,0,1,131588,1,97,1,13415,1,330,1,112090,1,15114,1,1,1,32,1,32,1
168,1866400,4469,9545,28.988153,,0,10,8,96,31880,8977,30418,1834520,16,215,40,1,26811,1,40,1,261500,1,168302,1,117936,1,1248850,1,11041,1,119378,1,12013,4,303781,4,78991,4,238887,4,453798,8,614456,96,47811,24,3557,1,26731,1,2735,1,0,0,0,0,0,0,0,0,118747,1,31490,1,4619,1,6543,1,52440,1,174243,1,27974,1,3427,1,5671,1,31100,1,77098,1,16303,1,242,1,9545,1,4469,1,16545,1,9545,1,48,1,1240,1,1,1,0,1,4479,1,5041,1,25,1,0,0,209759,1,365475,1,776,1,776,1,0,1,96,1,2244,1,97,1,0,1,1,1,0,1,0,1,1,1,8,1,20,1,0,1,0,1,222,1,16303,1,0,1,0,1,3218,1,61314,1,8,1,8,1,0,1,105660,1,97,1,13976,1,1221,1,114136,1,15130,1,1,1,32,1,32,1
169,1883200,4468,9545,28.988195,,0,10,8,96,31356,9077,30696,1851844,16,215,40,1,26751,1,20,1,261009,1,155628,1,117645,1,1279559,1,11191,1,110972,1,12013,4,311777,4,80244,4,254287,4,469899,8,645378,96,48112,24,3316,1,25288,1,2685,1,0,0,0,0,0,0,0,0,105482,1,32673,1,4449,1,6953,1,52731,1,173091,1,27974,1,3587,1,5601,1,30619,1,69102,1,16318,1,239,1,9545,1,4468,1,16557,1,9545,1,48,1,1240,1,1,1,0,1,4478,1,5041,1,26,1,0,0,214800,1,398310,1,776,1,776,1,0,1,96,1,2244,1,97,1,0,1,1,1,0,1,0,1,1,1,8,1,19,1,0,1,0,1,220,1,16318,1,0,1,0,1,1799,1,2343,1,8,1,8,1,0,1,93131,1,97,1,13712,1,6204,1,121543,1,577,1,1,1,32,1,32,1
170,1861200,4471,9545,28.98824,,0,10,8,96,31639,8937,29616,1829561,16,215,50,1,26851,1,60,1,280607,1,163753,1,114028,1,1233170,1,11041,1,111804,1,11913,4,304863,4,79061,4,235461,4,449981,8,607373,96,48453,24,3336,1,25138,1,2675,1,0,0,0,0,0,0,0,0,112225,1,34075,1,4398,1,6743,1,52921,1,192548,1,28124,1,3346,1,5681,1,30739,1,69964,1,16309,1,251,1,9545,1,4471,1,16560,1,9545,1,48,1,1240,1,1,1,0,1,4490,1,5041,1,14,1,0,0,210375,1,348414,1,776,1,776,1,0,1,96,1,2244,1,97,1,0,1,1,1,0,1,0,1,1,1,8,1,20,1,0,1,0,1,231,1,16309,1,0,1,0,1,2756,1,52206,1,8,1,8,1,0,1,90278,1,97,1,13547,1,5478,1,114483,1,16120,1,1,1,32,1,32,1
171,2042400,4470,9545,28.988277,,0,11,8,96,32524,9318,38421,2009876,16,227,130,1,31039,1,60,1,310664,1,170005,1,161369,1,1325787,1,10821,1,117054,1,12714,4,364828,4,80103,4,251211,4,458427,8,615701,96,55516,36,3407,1,25859,1,2865,1,0,0,0,0,0,0,0,0,113617,1,34366,1,5971,1,9007,1,66487,1,195324,1,39275,1,4699,1,6522,1,30899,1,72599,1,16314,1,248,1,9545,1,4470,1,16562,1,9545,1,48,1,1240,1,1,1,0,1,4485,1,5040,1,20,1,0,0,216307,1,312213,1,776,1,776,1,0,1,96,1,2232,1,97,1,0,1,2,1,0,1,0,1,1,1,8,1,27,1,0,1,0,1,221,1,16314,1,0,1,0,1,15988,1,14553,1,8,1,8,1,0,1,82487,1,97,1,13183,1,6963,1,113943,1,1287,1,1,1,32,1,32,1
172,1918900,4471,9545,28.988316,,0,11,8,96,30757,8857,29856,1888143,16,227,90,1,30929,1,50,1,290917,1,164435,1,155317,1,1235514,1,10891,1,114379,1,11873,4,301757,4,81346,4,238256,4,448529,8,603366,96,53562,36,2975,1,24898,1,2645,1,0,0,0,0,0,0,0,0,109419,1,33704,1,5831,1,8536,1,63772,1,178732,1,39606,1,4629,1,7033,1,30869,1,69804,1,16313,1,250,1,9545,1,4471,1,16563,1,9545,1,48,1,1240,1,1,1,0,1,4493,1,5039,1,13,1,0,0,213225,1,338481,1,776,1,776,1,0,1,96,1,2244,1,97,1,0,1,2,1,0,1,0,1,1,1,8,1,28,1,0,1,0,1,222,1,16313,1,0,1,0,1,2624,1,18249,1,8,1,8,1,0,1,89520,1,97,1,13382,1,5544,1,114945,1,2475,1,1,1,32,1,32,1
173,1956600,4469,9545,28.98835,,0,11,8,96,36716,9368,34424,1919884,16,227,60,1,26260,1,30,1,257503,1,166428,1,113427,1,1346176,1,9999,1,123096,1,13456,4,327346,4,86335,4,249407,4,486611,8,646739,96,54855,36,5891,1,40718,1,3948,1,0,0,0,0,0,0,0,0,116563,1,32602,1,4338,1,6883,1,50346,1,171839,1,28174,1,4008,1,5761,1,29927,1,81396,1,16321,1,245,1,9545,1,4469,1,16566,1,9545,1,48,1,1240,1,1,1,0,1,4483,1,5040,1,22,1,0,0,234230,1,369006,1,776,1,776,1,0,1,96,1,2232,1,97,1,0,1,2,1,0,1,0,1,1,1,8,1,27,1,0,1,0,1,218,1,16321,1,0,1,0,1,4142,1,25080,1,8,1,8,1,0,1,95787,1,97,1,14537,1,4191,1,128292,1,2425,1,1,1,32,1,32,1
174,2321200,4470,9545,28.988382,,0,11,8,96,33933,9659,32250,2287267,16,227,220,1,32933,1,60,1,335382,1,180556,1,163954,1,1562921,1,11242,1,121071,1,13305,4,440202,4,81586,4,293351,4,557577,8,765697,96,52981,36,5300,1,36971,1,3897,1,0,0,0,0,0,0,0,0,120150,1,35758,1,6492,1,10660,1,73501,1,206195,1,44054,1,4499,1,7124,1,30669,1,76156,1,16314,1,249,1,9545,1,4470,1,16563,1,9545,1,48,1,1240,1,1,1,0,1,4488,1,5040,1,17,1,0,0,215513,1,566115,1,773,1,773,1,0,1,96,1,2232,1,97,1,0,1,2,1,0,1,0,1,1,1,8,1,27,1,0,1,0,1,222,1,16314,1,0,1,0,1,5924,1,15312,1,8,1,8,1,0,1,127206,1,97,1,13646,1,5610,1,116331,1,2326,1,1,1,32,1,32,1
175,2150400,4470,9545,28.988405,,0,11,8,96,33880,10630,29776,2116520,16,227,140,1,52350,1,50,1,358716,1,177139,1,172109,1,1344954,1,11061,1,121102,1,13025,4,399414,4,80734,4,237725,4,450232,8,606291,96,51889,36,3557,1,25809,1,2725,1,0,0,0,0,0,0,0,0,117355,1,35919,1,6402,1,14448,1,97266,1,202768,1,43664,1,4879,1,7625,1,30739,1,75144,1,16317,1,246,1,9545,1,4470,1,16563,1,9545,1,48,1,1240,1,1,1,0,1,4493,1,5040,1,12,1,0,0,213935,1,306471,1,776,1,776,1,0,1,96,1,2232,1,97,1,0,1,2,1,0,1,0,1,1,1,8,1,28,1,0,1,0,1,218,1,16317,1,0,1,0,1,5132,1,71280,1,8,1,8,1,0,1,81142,1,97,1,13448,1,6798,1,114186,1,16830,1,1,1,32,1,32,1
176,2019600,4470,9545,28.988434,,0,11,8,96,35012,9618,33442,1984588,16,227,20,1,26701,1,60,1,266510,1,189683,1,114750,1,1375342,1,11522,1,124378,1,12514,4,313239,4,80845,4,267482,4,528251,8,707336,96,54955,36,3978,1,32071,1,2966,1,0,0,0,0,0,0,0,0,138105,1,33033,1,4789,1,6883,1,52711,1,178932,1,27673,1,3497,1,5761,1,29967,1,82849,1,16313,1,246,1,9545,1,4470,1,16559,1,9545,1,48,1,1240,1,1,1,0,1,4489,1,5040,1,16,1,0,0,216405,1,455532,1,774,1,774,1,0,1,96,1,2232,1,97,1,0,1,2,1,0,1,0,1,1,1,8,1,28,1,0,1,0,1,218,1,16313,1,1,1,0,1,3449,1,63294,1,8,1,8,1,0,1,120214,1,97,1,14603,1,8910,1,117193,1,16417,1,1,1,32,1,32,1
177,2214600,4471,9545,28.988464,,0,11,8,96,32144,9137,31809,2182456,16,227,130,1,27543,1,30,1,270237,1,163884,1,118016,1,1591465,1,11151,1,127344,1,14658,4,480580,4,88489,4,304533,4,531056,8,747642,96,56137,36,3336,1,29547,1,2785,1,0,0,0,0,0,0,0,0,111574,1,34306,1,4428,1,6813,1,55506,1,178111,1,29446,1,3507,1,5601,1,31069,1,85023,1,16317,1,246,1,9545,1,4471,1,16563,1,9545,1,48,1,1240,1,1,1,0,1,4490,1,5039,1,16,1,0,0,210060,1,464772,1,776,1,776,1,0,1,96,1,2244,1,97,1,0,1,2,1,0,1,0,1,1,1,8,1,28,1,0,1,0,1,218,1,16317,1,0,1,0,1,4274,1,2904,1,8,1,8,1,0,1,116811,1,97,1,13349,1,1617,1,114714,1,1353,1,1,1,32,1,32,1
178,1855500,4468,9545,28.988497,,0,11,8,96,30979,9208,29767,1824521,16,227,60,1,27282,1,40,1,264586,1,168803,1,115842,1,1236616,1,11292,1,120761,1,11983,4,301707,4,79703,4,236693,4,443629,8,601542,96,49014,36,3326,1,26932,1,2675,1,0,0,0,0,0,0,0,0,116984,1,33765,1,4739,1,7234,1,52541,1,176227,1,28334,1,3356,1,5601,1,30899,1,78761,1,16323,1,238,1,9545,1,4468,1,16561,1,9545,1,48,1,1240,1,1,1,0,1,4489,1,5040,1,16,1,0,0,216483,1,360855,1,776,1,776,1,0,1,96,1,2232,1,97,1,0,1,2,1,0,1,0,1,1,1,8,1,27,1,0,1,0,1,211,1,16323,1,0,1,0,1,2162,1,48774,1,8,1,8,1,0,1,101203,1,97,1,14438,1,1353,1,116298,1,19816,1,1,1,32,1,32,1
179,1886000,4470,9545,28.988514,,0,11,8,96,31752,8907,30818,1854248,16,227,100,1,26631,1,20,1,260569,1,157712,1,115120,1,1282855,1,11242,1,110271,1,12203,4,302098,4,78590,4,255629,4,482483,8,658581,96,48713,36,3677,1,26280,1,2715,1,0,0,0,0,0,0,0,0,107706,1,32723,1,4539,1,6783,1,51639,1,173652,1,28224,1,3707,1,5651,1,30899,1,68020,1,16322,1,241,1,9545,1,4470,1,16563,1,9545,1,48,1,1240,1,1,1,0,1,4494,1,5040,1,11,1,0,0,215774,1,380655,1,774,1,774,1,0,1,96,1,2244,1,97,1,0,1,2,1,0,1,0,1,1,1,8,1,28,1,0,1,0,1,213,1,16322,1,0,1,0,1,2228,1,9207,1,8,1,8,1,0,1,96546,1,97,1,13514,1,2640,1,120258,1,3382,1,1,1,32,1,32,1
180,1839500,4469,9545,28.988539,,0,11,8,96,31079,8897,30167,1808421,16,227,60,1,26711,1,40,1,259406,1,160467,1,115471,1,1235304,1,10961,1,112525,1,12243,4,304984,4,79182,4,235711,4,450582,8,603616,96,52510,36,3487,1,25018,1,2675,1,0,0,0,0,0,0,0,0,109399,1,33053,1,4469,1,6833,1,52651,1,171919,1,27753,1,3536,1,5621,1,30919,1,70305,1,16314,1,246,1,9545,1,4469,1,16560,1,9545,1,48,1,1240,1,1,1,0,1,4484,1,5040,1,21,1,0,0,207500,1,313566,1,776,1,776,1,0,1,96,1,2244,1,97,1,0,1,2,1,0,1,0,1,1,1,8,1,27,1,0,1,0,1,219,1,16314,1,0,1,0,1,2162,1,17787,1,8,1,8,1,0,1,81784,1,97,1,13613,1,858,1,115555,1,3267,1,1,1,32,1,32,1
181,2041500,4470,9545,28.988562,,0,11,8,96,37575,9428,32521,2003925,16,227,110,1,31771,1,60,1,306787,1,172710,1,153283,1,1328362,1,10841,1,115912,1,12774,4,384676,4,79392,4,241091,4,451995,8,609057,96,51509,36,3767,1,26451,1,2876,1,0,0,0,0,0,0,0,0,109890,1,34276,1,5921,1,8356,1,66086,1,191677,1,40137,1,4509,1,6683,1,30669,1,71667,1,16310,1,246,1,9545,1,4470,1,16556,1,9545,1,48,1,1240,1,1,1,0,1,4496,1,5040,1,9,1,0,0,213451,1,351978,1,776,1,776,1,0,1,96,1,2244,1,97,1,0,1,2,1,0,1,0,1,1,1,8,1,28,1,0,1,0,1,218,1,16310,1,0,1,0,1,15527,1,12837,1,8,1,8,1,0,1,91695,1,97,1,13167,1,1353,1,114626,1,1336,1,1,1,32,1,32,1
182,1899400,4469,9545,28.988585,,0,11,8,96,30734,9037,30578,1868666,16,227,90,1,31350,1,30,1,273012,1,159976,1,132804,1,1260362,1,11041,1,114048,1,11853,4,300986,4,78651,4,238436,4,473827,8,627622,96,54063,36,6012,1,24858,1,2655,1,0,0,0,0,0,0,0,0,108708,1,32833,1,4970,1,6793,1,56308,1,174414,1,35207,1,4228,1,6342,1,30859,1,70545,1,16306,1,246,1,9545,1,4469,1,16552,1,9545,1,48,1,1240,1,1,1,0,1,4501,1,5040,1,4,1,0,0,207825,1,338217,1,773,1,773,1,0,1,96,1,2232,1,97,1,0,1,2,1,0,1,0,1,1,1,8,1,27,1,0,1,0,1,219,1,16306,1,0,1,0,1,2426,1,52107,1,8,1,8,1,0,1,89289,1,97,1,13563,1,3861,1,115142,1,15724,1,1,1,32,1,32,1
183,1824100,4469,9545,28.988605,,0,11,8,96,31470,8868,28815,1792630,16,227,80,1,26350,1,100,1,259487,1,162471,1,112936,1,1220325,1,10881,1,108858,1,11863,4,300315,4,78620,4,235380,4,444060,8,597655,96,52971,36,3025,1,26661,1,2675,1,0,0,0,0,0,0,0,0,112565,1,32552,1,4479,1,6773,1,51368,1,173231,1,27883,1,3316,1,5581,1,30228,1,67659,1,16303,1,249,1,9545,1,4469,1,16552,1,9545,1,48,1,1240,1,1,1,0,1,4493,1,5040,1,12,1,0,0,207586,1,350691,1,776,1,776,1,0,1,96,1,2244,1,97,1,0,1,2,1,0,1,0,1,1,1,8,1,24,1,0,1,0,1,225,1,16303,1,0,1,0,1,2459,1,58707,1,8,1,8,1,0,1,93064,1,97,1,13085,1,6633,1,113905,1,14404,1,1,1,32,1,32,1
184,1924900,4468,9545,28.98862,,0,11,8,96,32153,9468,35989,1892747,16,227,70,1,31220,1,70,1,270558,1,165086,1,117194,1,1296566,1,11983,1,111073,1,12915,4,321345,4,79642,4,271284,4,455882,8,638447,96,52731,36,4058,1,27923,1,2976,1,0,0,0,0,0,0,0,0,113317,1,33364,1,4489,1,6903,1,53402,1,181117,1,28755,1,3647,1,5651,1,30498,1,69092,1,16302,1,248,1,9545,1,4468,1,16550,1,9545,1,48,1,1240,1,1,1,0,1,4492,1,5040,1,13,1,0,0,215226,1,422846,1,775,1,776,1,0,1,96,1,2244,1,97,1,0,1,2,1,0,1,0,1,1,1,8,1,23,1,0,1,0,1,225,1,16302,1,0,1,0,1,14025,1,48576,1,8,1,8,1,0,1,108936,1,97,1,13101,1,561,1,112327,1,15312,1,1,1,32,1,32,1
185,1831600,4468,9545,28.988636,,0,11,8,96,30443,11332,29214,1801157,16,227,90,1,31260,1,40,1,259927,1,153103,1,115902,1,1229873,1,10961,1,109389,1,12113,4,301587,4,79161,4,236553,4,447436,8,601573,96,53202,36,3036,1,26581,1,2685,1,0,0,0,0,0,0,0,0,102967,1,32943,1,4428,1,7003,1,51158,1,173362,1,28164,1,3797,1,5260,1,30478,1,67780,1,16303,1,248,1,9545,1,4468,1,16551,1,9545,1,48,1,1240,1,1,1,0,1,4495,1,5040,1,10,1,0,0,213149,1,304491,1,776,1,776,1,0,1,96,1,2244,1,97,1,0,1,2,1,0,1,0,1,1,1,8,1,23,1,0,1,0,1,225,1,16303,1,1,1,0,1,1931,1,9042,1,8,1,8,1,0,1,85213,1,97,1,13613,1,1914,1,114483,1,2607,1,1,1,32,1,32,1
186,1949300,4468,9545,28.988659,,0,11,8,96,31240,10590,37018,1918060,16,227,70,1,26811,1,40,1,255359,1,156389,1,114599,1,1353600,1,11191,1,111764,1,13806,4,304533,4,83640,4,258915,4,537028,8,696857,96,62069,36,6032,1,24647,1,2645,1,0,0,0,0,0,0,0,0,106634,1,32212,1,4479,1,6472,1,49455,1,171137,1,28024,1,3286,1,5240,1,31049,1,70104,1,16302,1,248,1,9545,1,4468,1,16550,1,9545,1,48,1,1240,1,1,1,0,1,4496,1,5041,1,8,1,0,0,235698,1,353727,1,776,1,776,1,0,1,96,1,2244,1,97,1,0,1,2,1,0,1,0,1,1,1,8,1,23,1,0,1,0,1,225,1,16302,1,1,1,0,1,2624,1,45012,1,8,1,8,1,0,1,108329,1,97,1,13349,1,825,1,127468,1,12919,1,1,1,32,1,32,1
187,1857200,4468,9545,28.988678,,0,11,8,96,30555,10410,30056,1826645,16,227,100,1,26551,1,60,1,255930,1,175536,1,114329,1,1243149,1,10991,1,118697,1,11853,4,302288,4,79161,4,238516,4,449400,8,604509,96,53352,36,3026,1,27142,1,2655,1,0,0,0,0,0,0,0,0,123827,1,34236,1,4569,1,6703,1,49685,1,171278,1,27923,1,3527,1,5270,1,30358,1,77288,1,16300,1,248,1,9545,1,4468,1,16548,1,9545,1,48,1,1240,1,1,1,0,1,4493,1,5041,1,11,1,0,0,215193,1,358578,1,776,1,776,1,0,1,96,1,2244,1,97,1,0,1,2,1,0,1,0,1,1,1,8,1,23,1,0,1,0,1,225,1,16300,1,1,1,0,1,2558,1,55935,1,8,1,8,1,0,1,99748,1,97,1,14240,1,1947,1,115043,1,15493,1,1,1,32,1,32,1
188,1824000,4467,9545,28.988693,,0,11,8,96,33223,8967,28954,1790777,16,227,60,1,26901,1,30,1,256310,1,159225,1,113657,1,1223511,1,11081,1,111483,1,11902,4,302459,4,78931,4,235791,4,442938,8,597695,96,52080,36,3056,1,25318,1,2665,1,0,0,0,0,0,0,0,0,109249,1,32462,1,4509,1,7043,1,49996,1,170847,1,28104,1,3356,1,5541,1,30869,1,69684,1,16309,1,243,1,9545,1,4467,1,16552,1,9545,1,48,1,1240,1,1,1,0,1,4494,1,5041,1,10,1,0,0,215177,1,304656,1,776,1,776,1,0,1,96,1,2244,1,97,1,0,1,2,1,0,1,0,1,1,1,8,1,23,1,0,1,0,1,220,1,16309,1,0,1,0,1,2261,1,59466,1,8,1,8,1,0,1,90108,1,97,1,13679,1,363,1,114351,1,15229,1,1,1,32,1,32,1
189,1818900,4468,9545,28.988708,,0,11,8,96,31880,9077,29356,1787020,16,227,70,1,26601,1,40,1,255629,1,153313,1,114489,1,1226036,1,10841,1,110451,1,11893,4,301928,4,78741,4,236022,4,446013,8,599207,96,53472,36,3046,1,26190,1,2675,1,0,0,0,0,0,0,0,0,103458,1,32843,1,4368,1,7164,1,49254,1,170997,1,27943,1,3657,1,5651,1,30709,1,68351,1,16300,1,248,1,9545,1,4468,1,16548,1,9545,1,48,1,1240,1,1,1,0,1,4497,1,5041,1,7,1,0,0,213393,1,314985,1,776,1,776,1,0,1,96,1,2244,1,97,1,0,1,2,1,0,1,0,1,1,1,8,1,23,1,0,1,0,1,225,1,16300,1,0,1,0,1,2129,1,5643,1,8,1,8,1,0,1,83678,1,97,1,13745,1,1221,1,114367,1,841,1,1,1,32,1,32,1
190,1831500,4469,9545,28.988724,,0,11,8,96,31466,8827,29166,1800034,16,227,40,1,26671,1,40,1,255449,1,158774,1,114559,1,1233530,1,10971,1,112926,1,12103,4,301928,4,79182,4,237424,4,449019,8,603925,96,53352,36,2996,1,26441,1,2685,1,0,0,0,0,0,0,0,0,111012,1,30599,1,4408,1,7374,1,49645,1,170116,1,28034,1,3497,1,5771,1,30639,1,70936,1,16299,1,250,1,9545,1,4469,1,16549,1,9545,1,48,1,1240,1,1,1,0,1,4498,1,5041,1,6,1,0,0,221179,1,336633,1,776,1,776,1,0,1,96,1,2232,1,97,1,0,1,2,1,0,1,0,1,1,1,8,1,27,1,0,1,0,1,223,1,16299,1,0,1,0,1,1832,1,62766,1,8,1,8,1,0,1,89501,1,97,1,13712,1,1122,1,114648,1,13315,1,1,1,32,1,32,1
191,1810600,4467,9545,28.988739,,0,11,8,96,30975,8967,28954,1779625,16,227,30,1,26691,1,40,1,254888,1,153874,1,113657,1,1219684,1,10761,1,110291,1,11752,4,301777,4,78891,4,237835,4,439511,8,595812,96,52580,36,3036,1,24988,1,2635,1,0,0,0,0,0,0,0,0,105302,1,31510,1,4459,1,7635,1,49074,1,170035,1,27913,1,3396,1,5651,1,30889,1,68401,1,16302,1,243,1,9545,1,4467,1,16545,1,9545,1,48,1,1240,1,1,1,0,1,4500,1,5041,1,4,1,0,0,207470,1,310035,1,776,1,776,1,0,1,96,1,2244,1,97,1,0,1,2,1,0,1,0,1,1,1,8,1,23,1,0,1,0,1,220,1,16302,1,0,1,0,1,1964,1,462,1,8,1,8,1,0,1,83530,1,97,1,13448,1,3399,1,113394,1,462,1,1,1,32,1,32,1
192,1811900,4469,9545,28.988747,,0,11,8,96,30792,9028,29627,1781108,16,227,30,1,26250,1,60,1,253655,1,153965,1,113527,1,1222309,1,11312,1,109529,1,11752,4,301878,4,79091,4,235671,4,444280,8,597313,96,53011,36,3056,1,25369,1,2655,1,0,0,0,0,0,0,0,0,104590,1,32362,1,4408,1,7374,1,49625,1,168703,1,27663,1,3266,1,5671,1,30609,1,67970,1,16295,1,249,1,9545,1,4469,1,16544,1,9545,1,48,1,1240,1,1,1,0,1,4495,1,5041,1,9,1,0,0,209946,1,330198,1,776,1,776,1,0,1,96,1,2244,1,97,1,0,1,2,1,0,1,0,1,1,1,8,1,24,1,0,1,0,1,225,1,16295,1,0,1,0,1,2063,1,19041,1,8,1,8,1,0,1,82573,1,97,1,13382,1,6105,1,114532,1,4471,1,1,1,32,1,32,1
193,1832800,4468,9545,28.988762,,0,11,8,96,30291,8897,30769,1802509,16,227,40,1,26801,1,20,1,254597,1,154546,1,113187,1,1242468,1,10851,1,109540,1,12554,4,302649,4,79121,4,238647,4,460241,8,614427,96,53692,36,3096,1,25098,1,2625,1,0,0,0,0,0,0,0,0,103288,1,34075,1,4479,1,7244,1,49094,1,170316,1,27673,1,3346,1,5681,1,31019,1,67429,1,16292,1,248,1,9545,1,4468,1,16540,1,9545,1,48,1,1240,1,1,1,0,1,4496,1,5041,1,8,1,0,0,213939,1,329967,1,776,1,776,1,0,1,96,1,2244,1,97,1,0,1,2,1,0,1,0,1,1,1,8,1,23,1,0,1,0,1,225,1,16292,1,0,1,0,1,2162,1,8778,1,8,1,8,1,0,1,91778,1,97,1,13613,1,1551,1,114598,1,1666,1,1,1,32,1,32,1
194,1874400,4469,9545,28.988777,,0,11,8,96,54127,14598,29726,1820273,16,227,10,1,26360,1,30,1,254657,1,154816,1,114569,1,1258769,1,11061,1,131542,1,12053,4,301417,4,78901,4,239518,4,448368,8,604868,96,53292,36,3006,1,26601,1,2765,1,0,0,0,0,0,0,0,0,104159,1,33504,1,4489,1,6973,1,48944,1,170627,1,27833,1,3477,1,5661,1,30168,1,89892,1,16285,1,259,1,9545,1,4469,1,16544,1,9545,1,48,1,1240,1,1,1,0,1,4497,1,5041,1,7,1,0,0,222093,1,393855,1,776,1,776,1,0,1,96,1,2232,1,97,1,0,1,2,1,0,1,0,1,1,1,8,1,28,1,0,1,0,1,231,1,16285,1,0,1,0,1,2822,1,13464,1,8,1,8,1,0,1,112997,1,97,1,15164,1,6105,1,116578,1,775,1,1,1,32,1,32,1
195,1831800,4470,9545,28.988789,,0,11,8,96,31235,8877,29605,1800565,16,227,40,1,26511,1,120,1,257042,1,154045,1,115591,1,1236226,1,10991,1,114790,1,12233,4,302258,4,79783,4,237705,4,447967,8,603066,96,53001,36,3056,1,26891,1,2665,1,0,0,0,0,0,0,0,0,104270,1,32562,1,4378,1,7424,1,49855,1,171598,1,27903,1,3316,1,5711,1,31029,1,72389,1,16294,1,251,1,9545,1,4470,1,16545,1,9545,1,48,1,1240,1,1,1,0,1,4500,1,5041,1,4,1,0,0,211461,1,354849,1,776,1,776,1,0,1,96,1,2244,1,97,1,0,1,2,1,0,1,0,1,1,1,8,1,28,1,0,1,0,1,223,1,16294,1,0,1,0,1,2492,1,18777,1,8,1,8,1,0,1,107687,1,97,1,14075,1,4125,1,114780,1,3564,1,1,1,32,1,32,1
196,1894500,4469,9545,28.988796,,0,11,8,96,34371,12955,34043,1860129,16,227,140,1,30889,1,40,1,288953,1,155748,1,136110,1,1236616,1,11632,1,113076,1,12153,4,301787,4,79552,4,237935,4,447446,8,598467,96,52871,36,3056,1,25920,1,2735,1,0,0,0,0,0,0,0,0,104440,1,32091,1,4970,1,8426,1,58041,1,189352,1,32572,1,4168,1,6402,1,30729,1,69323,1,16292,1,251,1,9545,1,4469,1,16543,1,9545,1,48,1,1240,1,1,1,0,1,4502,1,5041,1,2,1,0,0,210364,1,342837,1,776,1,776,1,0,1,96,1,2232,1,97,1,0,1,2,1,0,1,0,1,1,1,8,1,27,1,0,1,0,1,224,1,16292,1,0,1,0,1,5296,1,8976,1,8,1,8,1,0,1,90463,1,97,1,13150,1,6105,1,112887,1,4043,1,1,1,32,1,32,1
197,1878900,4470,9545,28.988804,,0,11,8,96,30042,9107,29305,1848858,16,227,90,1,30769,1,40,1,267802,1,159165,1,134588,1,1245413,1,10991,1,117395,1,13285,4,308781,4,79672,4,237975,4,447025,8,602584,96,53111,36,3026,1,26451,1,2695,1,0,0,0,0,0,0,0,0,107776,1,32923,1,4949,1,7845,1,54324,1,171378,1,33995,1,4298,1,6422,1,30308,1,73831,1,16294,1,249,1,9545,1,4470,1,16543,1,9545,1,48,1,1240,1,1,1,0,1,4500,1,5041,1,4,1,0,0,221130,1,334752,1,776,1,776,1,0,1,96,1,2232,1,97,1,0,1,2,1,0,1,0,1,1,1,8,1,27,1,0,1,0,1,222,1,16294,1,0,1,0,1,2426,1,57057,1,8,1,8,1,0,1,95443,1,97,1,13844,1,5709,1,115110,1,13315,1,1,1,32,1,32,1
198,1823100,4471,9545,28.988811,,0,11,8,96,31672,8968,29026,1791428,16,227,140,1,26461,1,30,1,256751,1,151560,1,114970,1,1230505,1,11011,1,112976,1,12093,4,302038,4,79121,4,235731,4,449670,8,603505,96,52871,36,2936,1,24317,1,2655,1,0,0,0,0,0,0,0,0,102236,1,32061,1,4398,1,7595,1,49445,1,171578,1,27893,1,3316,1,5701,1,30959,1,71026,1,16296,1,250,1,9545,1,4471,1,16546,1,9545,1,48,1,1240,1,1,1,0,1,4501,1,5041,1,3,1,0,0,211514,1,350295,1,776,1,776,1,0,1,96,1,2232,1,97,1,0,1,2,1,0,1,0,1,1,1,8,1,28,1,0,1,0,1,222,1,16296,1,0,1,0,1,2162,1,9702,1,8,1,8,1,0,1,95905,1,97,1,13481,1,5313,1,116050,1,3514,1,1,1,32,1,32,1
199,1823500,4470,9545,28.98882,,0,11,8,96,31391,8837,29165,1792109,16,227,140,1,26360,1,40,1,254727,1,153604,1,113698,1,1232639,1,10901,1,111964,1,12103,4,301617,4,78831,4,240370,4,446815,8,604919,96,53101,36,2986,1,26491,1,2625,1,0,0,0,0,0,0,0,0,104811,1,31881,1,4469,1,7414,1,49525,1,169765,1,27763,1,3857,1,5521,1,30809,1,69804,1,16301,1,249,1,9545,1,4470,1,16550,1,9545,1,48,1,1240,1,1,1,0,1,4499,1,5041,1,5,1,0,0,211250,1,329043,1,776,1,776,1,0,1,96,1,2232,1,97,1,0,1,2,1,0,1,0,1,1,1,8,1,27,1,0,1,0,1,222,1,16301,1,0,1,0,1,2096,1,18051,1,8,1,8,1,0,1,92424,1,97,1,13415,1,6402,1,115440,1,1600,1,1,1,32,1,32,1
200,1821600,4470,9545,28.988827,,0,11,8,96,31545,8877,28845,1790055,16,227,30,1,26601,1,40,1,254948,1,151500,1,114499,1,1231487,1,10951,1,110722,1,12494,4,302158,4,79422,4,237284,4,449570,8,604617,96,53392,36,3026,1,25238,1,2695,1,0,0,0,0,0,0,0,0,101174,1,33043,1,4599,1,7134,1,49024,1,170556,1,27893,1,3196,1,5621,1,31180,1,68622,1,16298,1,250,1,9545,1,4470,1,16548,1,9545,1,48,1,1240,1,1,1,0,1,4500,1,5041,1,4,1,0,0,204996,1,345906,1,776,1,776,1,0,1,96,1,2232,1,97,1,0,1,2,1,0,1,0,1,1,1,8,1,23,1,0,1,0,1,227,1,16298,1,0,1,0,1,2393,1,9108,1,8,1,8,1,0,1,91615,1,97,1,13448,1,363,1,113740,1,1831,1,1,1,32,1,32,1
201,1818400,4471,9545,28.988834,,0,11,8,96,31060,8907,28523,1787340,16,227,30,1,26471,1,30,1,252874,1,160337,1,114489,1,1221908,1,11201,1,110101,1,12324,4,301757,4,79402,4,235481,4,444581,8,598206,96,53332,36,2965,1,23735,1,2655,1,0,0,0,0,0,0,0,0,110481,1,32342,1,4489,1,7023,1,48924,1,168963,1,27683,1,3396,1,5641,1,30488,1,68561,1,16296,1,253,1,9545,1,4471,1,16549,1,9545,1,48,1,1240,1,1,1,0,1,4499,1,5041,1,5,1,0,0,210175,1,301290,1,776,1,776,1,0,1,96,1,2232,1,97,1,0,1,2,1,0,1,0,1,1,1,8,1,27,1,0,1,0,1,226,1,16296,1,0,1,0,1,1931,1,63261,1,8,1,8,1,0,1,82228,1,97,1,13448,1,1221,1,114549,1,15262,1,1,1,32,1,32,1
202,1833000,4472,9545,28.988842,,0,11,8,96,30270,8897,29836,1802730,16,227,50,1,26651,1,30,1,253615,1,159415,1,114499,1,1237448,1,11021,1,111894,1,12033,4,301707,4,78771,4,236192,4,457105,8,610308,96,53152,36,3026,1,25118,1,2705,1,0,0,0,0,0,0,0,0,109880,1,32192,1,4408,1,7685,1,49294,1,168442,1,27933,1,3266,1,5681,1,30929,1,69864,1,16296,1,254,1,9545,1,4472,1,16550,1,9545,1,48,1,1240,1,1,1,0,1,4499,1,5041,1,5,1,0,0,207634,1,305514,1,776,1,776,1,0,1,96,1,2232,1,97,1,0,1,2,1,0,1,0,1,1,1,8,1,28,1,0,1,0,1,226,1,16296,1,0,1,0,1,2327,1,61875,1,8,1,8,1,0,1,91074,1,97,1,13250,1,330,1,113757,1,14982,1,1,1,32,1,32,1
203,1813600,4472,9545,28.98885,,0,11,8,96,30388,12404,29375,1783212,16,227,40,1,26340,1,50,1,253164,1,156239,1,113788,1,1222600,1,10991,1,109730,1,12494,4,300966,4,78851,4,236913,4,440513,8,595070,96,52981,36,2996,1,25078,1,2655,1,0,0,0,0,0,0,0,0,107015,1,32061,1,4378,1,7705,1,48853,1,168653,1,27683,1,3757,1,5511,1,30939,1,67479,1,16296,1,254,1,9545,1,4472,1,16550,1,9545,1,48,1,1240,1,1,1,0,1,4502,1,5041,1,2,1,0,0,210356,1,291258,1,776,1,776,1,0,1,96,1,2268,1,97,1,0,1,2,1,0,1,0,1,1,1,8,1,28,1,0,1,0,1,226,1,16296,1,1,1,0,1,2195,1,54549,1,8,1,8,1,0,1,82427,1,97,1,13316,1,1320,1,114367,1,15262,1,1,1,32,1,32,1
204,1821300,4472,9545,28.988857,,0,11,8,96,32487,13226,29244,1788813,16,227,40,1,26901,1,30,1,253225,1,154265,1,113698,1,1229623,1,11031,1,111964,1,11953,4,299543,4,78560,4,239118,4,444581,8,601212,96,53242,36,3016,1,25008,1,2655,1,0,0,0,0,0,0,0,0,105963,1,31100,1,4408,1,7544,1,49064,1,168382,1,27953,1,3797,1,5531,1,30669,1,69934,1,16295,1,254,1,9545,1,4472,1,16549,1,9545,1,48,1,1240,1,1,1,0,1,4502,1,5041,1,2,1,0,0,211347,1,350295,1,776,1,776,1,0,1,96,1,2268,1,97,1,0,1,2,1,0,1,0,1,1,1,8,1,28,1,0,1,0,1,226,1,16295,1,1,1,0,1,2360,1,49764,1,8,1,8,1,0,1,95385,1,97,1,13976,1,7293,1,118591,1,14701,1,1,1,32,1,32,1
205,1834000,4470,9545,28.988865,,0,11,8,96,30639,8997,30507,1803361,16,227,50,1,26441,1,50,1,253385,1,155508,1,113297,1,1243740,1,10891,1,114419,1,12464,4,302719,4,79202,4,238025,4,456814,8,613536,96,50797,36,2996,1,25439,1,2665,1,0,0,0,0,0,0,0,0,107806,1,30568,1,4398,1,7725,1,48653,1,169094,1,27613,1,3407,1,5621,1,30849,1,72419,1,16307,1,241,1,9545,1,4470,1,16548,1,9545,1,48,1,1240,1,1,1,0,1,4502,1,5041,1,2,1,0,0,215537,1,357258,1,776,1,776,1,0,1,96,1,2232,1,97,1,0,1,2,1,0,1,0,1,1,1,8,1,27,1,0,1,0,1,214,1,16307,1,0,1,0,1,2690,1,55275,1,8,1,8,1,0,1,106613,1,97,1,13745,1,2640,1,114318,1,15757,1,1,1,32,1,32,1
206,1815800,4470,9545,28.98887,,0,11,8,96,30664,13025,29697,1785136,16,227,70,1,26631,1,30,1,254507,1,156540,1,113477,1,1222980,1,10901,1,110061,1,11863,4,301527,4,79833,4,235581,4,440042,8,597454,96,48473,36,2956,1,25419,1,2675,1,0,0,0,0,0,0,0,0,107576,1,31691,1,4459,1,7725,1,48934,1,169685,1,27863,1,3907,1,5581,1,30849,1,67669,1,16306,1,241,1,9545,1,4470,1,16547,1,9545,1,48,1,1240,1,1,1,0,1,4502,1,5041,1,2,1,0,0,209499,1,299640,1,776,1,776,1,0,1,96,1,2232,1,97,1,0,1,2,1,0,1,0,1,1,1,8,1,27,1,0,1,0,1,214,1,16306,1,1,1,0,1,2327,1,24948,1,8,1,8,1,0,1,73729,1,97,1,13283,1,5775,1,113921,1,2656,1,1,1,32,1,32,1
207,1810700,4469,9545,28.98887,,0,11,8,96,32387,8947,29183,1778313,16,227,60,1,26320,1,40,1,253826,1,152612,1,113627,1,1220966,1,10861,1,111624,1,12143,4,301757,4,79612,4,233697,4,442146,8,598217,96,48443,36,2966,1,25399,1,2675,1,0,0,0,0,0,0,0,0,101755,1,33905,1,4368,1,7384,1,49114,1,169043,1,28014,1,3607,1,5671,1,30919,1,69413,1,16309,1,237,1,9545,1,4469,1,16546,1,9545,1,48,1,1240,1,1,1,0,1,4503,1,5041,1,1,1,0,0,212682,1,313401,1,776,1,776,1,0,1,96,1,2232,1,97,1,0,1,2,1,0,1,0,1,1,1,8,1,27,1,0,1,0,1,210,1,16309,1,0,1,0,1,2756,1,8547,1,8,1,8,1,0,1,81288,1,97,1,13811,1,2838,1,115506,1,742,1,1,1,32,1,32,1
208,1829700,4466,9545,28.988878,,0,11,8,96,31509,8887,29346,1798191,16,227,20,1,26751,1,30,1,253665,1,149807,1,115972,1,1241025,1,10921,1,121402,1,12183,4,302389,4,79452,4,239418,4,446956,8,608755,96,48272,36,2996,1,24657,1,2685,1,0,0,0,0,0,0,0,0,102005,1,30949,1,4449,1,7665,1,48954,1,168923,1,27843,1,3346,1,5621,1,30849,1,79492,1,16309,1,233,1,9545,1,4466,1,16542,1,9545,1,48,1,1240,1,1,1,0,1,4503,1,5041,1,1,1,0,0,215718,1,341715,1,776,1,776,1,0,1,96,1,2232,1,97,1,0,1,2,1,0,1,0,1,1,1,8,1,24,1,0,1,0,1,209,1,16309,1,0,1,0,1,2030,1,9108,1,8,1,8,1,0,1,97624,1,97,1,14042,1,990,1,115539,1,3316,1,1,1,32,1,32,1
209,1818500,4467,9545,28.988882,,0,11,8,96,30919,8917,29085,1787581,16,227,30,1,26471,1,40,1,255509,1,157882,1,113537,1,1223121,1,10991,1,110872,1,12133,4,302178,4,79442,4,237474,4,441335,8,601441,96,48282,36,3006,1,25088,1,2675,1,0,0,0,0,0,0,0,0,109449,1,30969,1,4529,1,7554,1,49615,1,170085,1,27943,1,3827,1,5621,1,30689,1,68711,1,16311,1,233,1,9545,1,4467,1,16544,1,9545,1,48,1,1240,1,1,1,0,1,4502,1,5041,1,2,1,0,0,213704,1,320199,1,776,1,776,1,0,1,96,1,2232,1,97,1,0,1,2,1,0,1,0,1,1,1,8,1,24,1,0,1,0,1,209,1,16311,1,0,1,0,1,1700,1,55407,1,8,1,8,1,0,1,91915,1,97,1,13481,1,5808,1,112305,1,14454,1,1,1,32,1,32,1
210,1822700,4467,9545,28.988888,,0,11,8,96,30470,8857,29014,1792230,16,227,120,1,26611,1,50,1,254577,1,155047,1,113627,1,1231346,1,10851,1,114920,1,12724,4,302419,4,79131,4,238346,4,442857,8,603456,96,48733,36,3016,1,26431,1,2645,1,0,0,0,0,0,0,0,0,103989,1,33995,1,4358,1,7294,1,48884,1,170486,1,27643,1,3346,1,5671,1,30809,1,72889,1,16301,1,238,1,9545,1,4467,1,16539,1,9545,1,48,1,1240,1,1,1,0,1,4503,1,5041,1,1,1,0,0,206461,1,387222,1,776,1,776,1,0,1,96,1,2232,1,97,1,0,1,2,1,0,1,0,1,1,1,8,1,23,1,0,1,0,1,215,1,16301,1,0,1,0,1,1931,1,14553,1,8,1,8,1,0,1,86931,1,97,1,12623,1,6237,1,113707,1,709,1,1,1,32,1,32,1
211,1822800,4466,9545,28.988894,,0,11,8,96,31993,8907,29013,1790807,16,227,40,1,26611,1,30,1,260959,1,155498,1,112816,1,1223912,1,10941,1,110962,1,12223,4,302709,4,79202,4,237474,4,441335,8,601544,96,48252,36,2996,1,25459,1,2645,1,0,0,0,0,0,0,0,0,104590,1,33674,1,4378,1,7735,1,54394,1,170596,1,27923,1,3086,1,5651,1,30178,1,70024,1,16305,1,233,1,9545,1,4466,1,16538,1,9545,1,48,1,1240,1,1,1,0,1,4503,1,5041,1,1,1,0,0,213970,1,316008,1,776,1,776,1,0,1,96,1,2232,1,97,1,0,1,2,1,0,1,0,1,1,1,8,1,24,1,0,1,0,1,209,1,16305,1,0,1,0,1,1865,1,13035,1,8,1,8,1,0,1,90131,1,97,1,13448,1,4224,1,114763,1,1056,1,1,1,32,1,32,1
212,1816400,4466,9545,28.988894,,0,11,8,96,36193,11202,28553,1780207,16,227,60,1,26370,1,30,1,255299,1,152432,1,113457,1,1221708,1,10851,1,111754,1,11912,4,301988,4,79713,4,232425,4,440934,8,596553,96,48252,36,2996,1,26070,1,2715,1,0,0,0,0,0,0,0,0,101745,1,33684,1,4378,1,7424,1,49014,1,170286,1,28254,1,3487,1,5250,1,30538,1,70455,1,16305,1,233,1,9545,1,4466,1,16538,1,9545,1,48,1,1240,1,1,1,0,1,4504,1,5041,1,0,1,0,0,211375,1,295548,1,776,1,776,1,0,1,96,1,2232,1,97,1,0,1,2,1,0,1,0,1,1,1,8,1,24,1,0,1,0,1,209,1,16305,1,1,1,0,1,2525,1,9372,1,8,1,8,1,0,1,77136,1,97,1,13283,1,2376,1,115225,1,2062,1,1,1,32,1,32,1
213,1820300,4467,9545,28.988894,,0,11,8,96,31758,8917,29256,1788542,16,227,40,1,26531,1,30,1,254056,1,157451,1,115080,1,1224353,1,11001,1,116202,1,12564,4,300325,4,78751,4,237004,4,441104,8,600840,96,48011,36,3066,1,23765,1,2655,1,0,0,0,0,0,0,0,0,105973,1,34366,1,4428,1,7725,1,48843,1,169454,1,27753,1,3416,1,6022,1,30879,1,73551,1,16303,1,233,1,9545,1,4467,1,16536,1,9545,1,48,1,1240,1,1,1,0,1,4501,1,5041,1,3,1,0,0,211695,1,384582,1,776,1,776,1,0,1,96,1,2232,1,97,1,0,1,2,1,0,1,0,1,1,1,8,1,24,1,0,1,0,1,209,1,16303,1,0,1,0,1,2030,1,18381,1,8,1,8,1,0,1,109422,1,97,1,13844,1,3993,1,113427,1,1237,1,1,1,32,1,32,1
214,1810800,4467,9545,28.988894,,0,11,8,96,30634,9779,29085,1780166,16,227,40,1,26741,1,120,1,254006,1,151249,1,113587,1,1223541,1,10881,1,109479,1,11923,4,301898,4,79332,4,235320,4,445192,8,603445,96,47982,36,3026,1,24898,1,2695,1,0,0,0,0,0,0,0,0,103017,1,31280,1,4348,1,7865,1,48894,1,169374,1,27583,1,3487,1,5350,1,30969,1,67629,1,16306,1,233,1,9545,1,4467,1,16539,1,9545,1,48,1,1240,1,1,1,0,1,4501,1,5041,1,3,1,0,0,213146,1,328383,1,776,1,776,1,0,1,96,1,2232,1,97,1,0,1,2,1,0,1,0,1,1,1,8,1,24,1,0,1,0,1,209,1,16306,1,1,1,0,1,1964,1,8877,1,8,1,8,1,0,1,84705,1,97,1,13382,1,3597,1,117816,1,3877,1,1,1,32,1,32,1
215,1830900,4468,9545,28.9889,,0,11,8,96,30425,8937,29686,1800475,16,227,120,1,26611,1,30,1,253104,1,159515,1,115671,1,1234172,1,11252,1,109800,1,11913,4,302349,4,81025,4,246582,4,442437,8,610168,96,49164,36,3006,1,25449,1,2675,1,0,0,0,0,0,0,0,0,108758,1,33163,1,4368,1,7905,1,49284,1,167931,1,27713,1,3316,1,5701,1,30989,1,67690,1,16302,1,240,1,9545,1,4468,1,16542,1,9545,1,48,1,1240,1,1,1,0,1,4502,1,5041,1,2,1,0,0,214481,1,304458,1,776,1,776,1,0,1,96,1,2244,1,97,1,0,1,2,1,0,1,0,1,1,1,8,1,24,1,0,1,0,1,216,1,16302,1,0,1,0,1,2030,1,54417,1,8,1,8,1,0,1,83317,1,97,1,13811,1,5610,1,116248,1,14272,1,1,1,32,1,32,1
216,1819000,4467,9545,28.9889,,0,11,8,96,29987,8997,28723,1789013,16,227,150,1,26491,1,30,1,253796,1,159305,1,116002,1,1222279,1,10961,1,111954,1,11993,4,301928,4,79733,4,234719,4,442367,8,600442,96,47921,36,3006,1,24868,1,2715,1,0,0,0,0,0,0,0,0,109059,1,32973,1,4398,1,7494,1,48874,1,169334,1,27833,1,3417,1,5621,1,30909,1,69984,1,16310,1,233,1,9545,1,4467,1,16543,1,9545,1,48,1,1240,1,1,1,0,1,4503,1,5041,1,1,1,0,0,208306,1,325710,1,776,1,776,1,0,1,96,1,2232,1,97,1,0,1,2,1,0,1,0,1,1,1,8,1,24,1,0,1,0,1,209,1,16310,1,0,1,0,1,2360,1,58179,1,8,1,8,1,0,1,91287,1,97,1,13547,1,1056,1,113427,1,13150,1,1,1,32,1,32,1
217,1907500,4468,9545,28.9889,,0,11,8,96,33314,9338,30366,1874186,16,227,30,1,30889,1,40,1,284915,1,161609,1,135369,1,1249501,1,11833,1,118216,1,12414,4,320603,4,79362,4,236012,4,440423,8,598067,96,48002,36,3767,1,26671,1,2695,1,0,0,0,0,0,0,0,0,109399,1,33113,1,4970,1,7564,1,56598,1,186126,1,34175,1,4168,1,6322,1,30809,1,74573,1,16306,1,240,1,9545,1,4468,1,16546,1,9545,1,48,1,1240,1,1,1,0,1,4502,1,5041,1,2,1,0,0,210100,1,367752,1,776,1,776,1,0,1,96,1,2244,1,97,1,0,1,2,1,0,1,0,1,1,1,8,1,24,1,0,1,0,1,216,1,16306,1,0,1,0,1,5065,1,54087,1,8,1,8,1,0,1,101696,1,97,1,13777,1,5907,1,113531,1,16038,1,1,1,32,1,32,1
218,1855400,4467,9545,28.9889,,0,11,8,96,30237,8847,29915,1825163,16,227,90,1,30889,1,50,1,261801,1,155067,1,125480,1,1240814,1,10971,1,113577,1,12434,4,316405,4,78781,4,240260,4,440122,8,602204,96,48262,36,3076,1,24667,1,2645,1,0,0,0,0,0,0,0,0,104911,1,32642,1,4649,1,7154,1,52711,1,169705,1,31961,1,4067,1,6032,1,30779,1,70445,1,16313,1,233,1,9545,1,4467,1,16546,1,9545,1,48,1,1240,1,1,1,0,1,4504,1,5041,1,0,1,0,0,211844,1,344058,1,776,1,776,1,0,1,96,1,2232,1,97,1,0,1,2,1,0,1,0,1,1,1,8,1,24,1,0,1,0,1,209,1,16313,1,0,1,0,1,2195,1,43857,1,8,1,8,1,0,1,91733,1,97,1,13646,1,4719,1,112305,1,15559,1,1,1,32,1,32,1
219,1882400,4468,9545,28.9889,,0,11,8,96,31849,9158,31388,1850551,16,227,50,1,26571,1,60,1,251040,1,157281,1,114760,1,1289728,1,11061,1,121272,1,11973,4,321625,4,79332,4,260428,4,454189,8,634897,96,48332,36,3106,1,25809,1,2835,1,0,0,0,0,0,0,0,0,107886,1,32142,1,4509,1,7204,1,48282,1,167841,1,27443,1,3797,1,6042,1,30418,1,78691,1,16309,1,240,1,9545,1,4468,1,16549,1,9545,1,48,1,1240,1,1,1,0,1,4501,1,5041,1,3,1,0,0,225993,1,392040,1,776,1,776,1,0,1,96,1,2244,1,97,1,0,1,2,1,0,1,0,1,1,1,8,1,24,1,0,1,0,1,216,1,16309,1,0,1,0,1,2195,1,55407,1,8,1,8,1,0,1,110282,1,97,1,19673,1,7260,1,126235,1,16483,1,1,1,32,1,32,1
220,2001400,4468,9545,28.9889,,0,11,8,96,33554,13726,41927,1967846,16,227,120,1,31160,1,70,1,287079,1,160156,1,138766,1,1340245,1,10250,1,113768,1,13386,4,326725,4,84792,4,262973,4,486581,8,651590,96,56037,36,6192,1,29316,1,2785,1,0,0,0,0,0,0,0,0,109349,1,32262,1,4619,1,8446,1,58091,1,188591,1,31390,1,4128,1,5811,1,30939,1,70525,1,16308,1,240,1,9545,1,4468,1,16548,1,9545,1,48,1,1240,1,1,1,0,1,4503,1,5041,1,1,1,0,0,218971,1,311355,1,774,1,774,1,0,1,96,1,2244,1,97,1,0,1,2,1,0,1,0,1,1,1,8,1,24,1,0,1,0,1,216,1,16308,1,1,1,0,1,4719,1,1188,1,8,1,8,1,0,1,95900,1,97,1,13365,1,396,1,114692,1,1188,1,1,1,32,1,32,1
221,2064300,4468,9545,28.9889,,0,11,8,96,36430,14077,39831,2027870,16,227,130,1,31320,1,90,1,291317,1,176538,1,131902,1,1385381,1,11191,1,122123,1,14177,4,322467,4,86165,4,262292,4,517019,8,679866,96,59614,36,6222,1,37993,1,2845,1,0,0,0,0,0,0,0,0,117284,1,40087,1,4759,1,7785,1,57861,1,191697,1,33244,1,4288,1,5551,1,30178,1,79282,1,16308,1,240,1,9545,1,4468,1,16548,1,9545,1,48,1,1240,1,1,1,0,1,4503,1,5041,1,1,1,0,0,245378,1,309507,1,776,1,776,1,0,1,96,1,2244,1,97,1,0,1,2,1,0,1,0,1,1,1,8,1,24,1,0,1,0,1,216,1,16308,1,1,1,1,1,4900,1,25245,1,8,1,8,1,0,1,95604,1,97,1,13876,1,561,1,136070,1,2343,1,1,1,32,1,32,1
222,2500700,4467,9545,28.9889,,0,11,8,96,44360,9488,38943,2456340,16,227,351,1,32683,1,70,1,300194,1,265378,1,183491,1,1661810,1,12364,1,137704,1,14478,4,391840,4,84792,4,306747,4,647609,8,860408,96,55005,36,6533,1,59223,1,3396,1,0,0,0,0,0,0,0,0,187689,1,51519,1,6933,1,8807,1,61518,1,184042,1,44866,1,5911,1,7855,1,30198,1,90844,1,16315,1,233,1,9545,1,4467,1,16548,1,9545,1,48,1,1240,1,1,1,0,1,4504,1,5041,1,0,1,0,0,238935,1,692307,1,775,1,776,1,0,1,96,1,2232,1,97,1,0,1,2,1,0,1,0,1,1,1,8,1,24,1,0,1,0,1,209,1,16315,1,0,1,0,1,4092,1,121902,1,8,1,8,1,0,1,150913,1,97,1,14306,1,1485,1,131489,1,16813,1,1,1,32,1,32,1
223,2089300,4468,9545,28.9889,,0,11,8,96,36752,7234,31610,2052548,16,227,391,1,29286,1,220,1,273704,1,223277,1,142493,1,1371514,1,11662,1,135750,1,11702,4,346653,4,77889,4,257783,4,483736,8,661226,96,48683,36,3376,1,44706,1,2685,1,0,0,0,0,0,0,0,0,157000,1,45116,1,4519,1,8677,1,53562,1,180465,1,30138,1,3707,1,6382,1,31370,1,92226,1,16310,1,240,1,9545,1,4468,1,16550,1,9545,1,48,1,1240,1,1,1,0,1,4503,1,5041,1,1,1,0,0,203949,1,391380,1,776,1,776,1,0,1,96,1,2244,1,97,1,0,1,2,1,0,1,0,1,1,1,8,1,24,1,0,1,0,1,216,1,16310,1,0,1,0,1,6155,1,78540,1,8,1,8,1,0,1,105594,1,97,1,13646,1,4356,1,111397,1,15345,1,1,1,32,1,32,1
224,1864500,4467,9545,28.9889,,0,11,8,96,33236,8997,30748,1831264,16,227,40,1,27893,1,50,1,264917,1,157652,1,114679,1,1255132,1,10901,1,115170,1,12043,4,301216,4,78841,4,239408,4,463126,8,618665,96,53121,36,3497,1,30138,1,2695,1,0,0,0,0,0,0,0,0,108498,1,31921,1,4479,1,7374,1,52110,1,177500,1,27623,1,3226,1,5551,1,30909,1,73350,1,16317,1,233,1,9545,1,4467,1,16550,1,9545,1,48,1,1240,1,1,1,0,1,4501,1,5041,1,3,1,0,0,225156,1,343629,1,776,1,776,1,0,1,96,1,2232,1,97,1,0,1,2,1,0,1,0,1,1,1,8,1,24,1,0,1,0,1,209,1,16317,1,0,1,0,1,1832,1,2409,1,8,1,8,1,0,1,87522,1,97,1,13613,1,5445,1,125703,1,759,1,1,1,32,1,32,1
225,1944400,4467,9545,28.9889,,0,11,8,96,34846,12353,33151,1909554,16,227,30,1,27683,1,60,1,262232,1,159175,1,113738,1,1336788,1,9849,1,111884,1,13696,4,318960,4,82558,4,260919,4,489908,8,665667,96,52010,36,5681,1,37602,1,3226,1,0,0,0,0,0,0,0,0,109109,1,33143,1,4428,1,7324,1,51479,1,175045,1,28074,1,3837,1,5420,1,30769,1,69854,1,16317,1,233,1,9545,1,4467,1,16550,1,9545,1,48,1,1240,1,1,1,0,1,4503,1,5041,1,1,1,0,0,222768,1,392667,1,776,1,776,1,0,1,96,1,2232,1,97,1,0,1,2,1,0,1,0,1,1,1,8,1,24,1,0,1,0,1,209,1,16317,1,1,1,0,1,2129,1,24255,1,8,1,8,1,0,1,108095,1,97,1,13415,1,6072,1,121149,1,2409,1,1,1,32,1,32,1
226,2158100,4468,9545,28.9889,,0,11,8,96,37021,9648,33322,2121079,16,227,150,1,33885,1,50,1,332236,1,171709,1,155828,1,1415990,1,11231,1,126071,1,14848,4,341594,4,79993,4,253776,4,551956,8,721212,96,51198,36,3286,1,32051,1,2765,1,0,0,0,0,0,0,0,0,113136,1,36790,1,5831,1,10019,1,72589,1,208850,1,39926,1,4729,1,7124,1,30508,1,81015,1,16310,1,240,1,9545,1,4468,1,16550,1,9545,1,48,1,1240,1,1,1,0,1,4503,1,5041,1,1,1,0,0,227795,1,438768,1,766,1,766,1,0,1,96,1,2244,1,97,1,0,1,2,1,0,1,0,1,1,1,8,1,24,1,0,1,0,1,216,1,16310,1,0,1,0,1,3647,1,25377,1,8,1,8,1,0,1,125077,1,97,1,14537,1,759,1,121149,1,3118,1,1,1,32,1,32,1
227,2137100,4467,9545,28.9889,,0,11,8,96,33905,11412,31449,2103195,16,227,30,1,40908,1,30,1,384887,1,182720,1,208339,1,1275320,1,10961,1,129087,1,12013,4,304683,4,78771,4,245009,4,461102,8,626280,96,48383,36,3086,1,27483,1,2675,1,0,0,0,0,0,0,0,0,116242,1,37802,1,7805,1,11793,1,86656,1,230721,1,54675,1,5831,1,9198,1,30599,1,80164,1,16317,1,233,1,9545,1,4467,1,16550,1,9545,1,48,1,1240,1,1,1,0,1,4502,1,5041,1,2,1,0,0,215913,1,316668,1,776,1,776,1,0,1,96,1,2232,1,97,1,0,1,2,1,0,1,0,1,1,1,8,1,24,1,0,1,0,1,209,1,16317,1,0,1,0,1,5165,1,6996,1,8,1,8,1,0,1,95633,1,97,1,13679,1,2376,1,114499,1,1468,1,1,1,32,1,32,1
228,1864000,4467,9545,28.9889,,0,11,8,96,31684,12564,30587,1832316,16,227,60,1,27202,1,90,1,263474,1,160978,1,113417,1,1256234,1,10861,1,113918,1,12083,4,301767,4,79713,4,241071,4,462555,8,624718,96,48322,36,3086,1,26811,1,2665,1,0,0,0,0,0,0,0,0,111754,1,31921,1,4338,1,7094,1,50376,1,177359,1,28214,1,3547,1,5470,1,30769,1,72048,1,16317,1,233,1,9545,1,4467,1,16550,1,9545,1,48,1,1240,1,1,1,0,1,4504,1,5041,1,0,1,0,0,212454,1,367158,1,776,1,776,1,0,1,96,1,2232,1,97,1,0,1,2,1,0,1,0,1,1,1,8,1,24,1,0,1,0,1,209,1,16317,1,1,1,0,1,2459,1,12903,1,8,1,8,1,0,1,97998,1,97,1,13448,1,4290,1,114664,1,1303,1,1,1,32,1,32,1
229,2056800,4468,9545,28.9889,,0,11,8,96,36765,9839,31690,2020035,16,227,140,1,33133,1,70,1,336083,1,179724,1,169895,1,1290009,1,10981,1,117124,1,12484,4,346263,4,79182,4,240470,4,453237,8,613785,96,48232,36,3136,1,25499,1,2775,1,0,0,0,0,0,0,0,0,120661,1,35468,1,6282,1,9468,1,72348,1,209681,1,43994,1,4879,1,7625,1,30128,1,72048,1,16311,1,240,1,9545,1,4468,1,16551,1,9545,1,48,1,1240,1,1,1,0,1,4502,1,5041,1,2,1,0,0,208484,1,345939,1,776,1,776,1,0,1,96,1,2244,1,97,1,0,1,2,1,0,1,0,1,1,1,8,1,24,1,0,1,0,1,216,1,16311,1,0,1,0,1,3432,1,9900,1,8,1,8,1,0,1,88328,1,97,1,13266,1,396,1,112711,1,2921,1,1,1,32,1,32,1
230,2013600,4467,9545,28.9889,,0,11,8,96,31878,9158,30157,1981722,16,227,40,1,31610,1,60,1,290606,1,169174,1,155227,1,1323963,1,11041,1,118447,1,12614,4,377873,4,79863,4,242494,4,453668,8,617743,96,48262,36,3497,1,23675,1,2675,1,0,0,0,0,0,0,0,0,112826,1,35127,1,5781,1,8286,1,62239,1,180385,1,39315,1,4298,1,6633,1,30689,1,74563,1,16319,1,233,1,9545,1,4467,1,16552,1,9545,1,48,1,1240,1,1,1,0,1,4504,1,5041,1,0,1,0,0,210487,1,369864,1,776,1,776,1,0,1,96,1,2232,1,97,1,0,1,2,1,0,1,0,1,1,1,8,1,24,1,0,1,0,1,209,1,16319,1,0,1,0,1,1898,1,61215,1,8,1,8,1,0,1,91748,1,97,1,13547,1,5412,1,113938,1,13645,1,1,1,32,1,32,1
231,1824800,4467,9545,28.9889,,0,11,8,96,30827,11342,28874,1793973,16,227,50,1,26761,1,30,1,259146,1,158603,1,114679,1,1223862,1,10841,1,110441,1,11672,4,301186,4,78801,4,236993,4,443098,8,603306,96,47912,36,2946,1,24757,1,2625,1,0,0,0,0,0,0,0,0,109049,1,32602,1,4348,1,6773,1,51599,1,172149,1,28254,1,3677,1,5250,1,30879,1,68661,1,16319,1,233,1,9545,1,4467,1,16552,1,9545,1,48,1,1240,1,1,1,0,1,4504,1,5041,1,0,1,0,0,215590,1,321090,1,776,1,776,1,0,1,96,1,2232,1,97,1,0,1,2,1,0,1,0,1,1,1,8,1,24,1,0,1,0,1,209,1,16319,1,1,1,0,1,2360,1,12672,1,8,1,8,1,0,1,87727,1,97,1,13877,1,3663,1,115011,1,1336,1,1,1,32,1,32,1
232,1856600,4467,9545,28.9889,,0,11,8,96,31437,13065,30868,1825163,16,227,70,1,28474,1,20,1,254888,1,152632,1,113708,1,1264309,1,11061,1,113076,1,11843,4,300495,4,83690,4,246993,4,463747,8,628154,96,51718,36,3076,1,25619,1,2705,1,0,0,0,0,0,0,0,0,101885,1,33925,1,4348,1,6512,1,49705,1,170556,1,27803,1,4018,1,5511,1,30929,1,70715,1,16318,1,233,1,9545,1,4467,1,16551,1,9545,1,48,1,1240,1,1,1,0,1,4504,1,5041,1,0,1,0,0,210705,1,366333,1,776,1,776,1,0,1,96,1,2232,1,97,1,0,1,2,1,0,1,0,1,1,1,8,1,24,1,0,1,0,1,209,1,16318,1,1,1,0,1,2459,1,28974,1,8,1,8,1,0,1,96132,1,97,1,13217,1,2013,1,113773,1,2557,1,1,1,32,1,32,1
233,1814500,4468,9545,28.9889,,0,11,8,96,31057,8777,29093,1783443,16,227,60,1,26751,1,60,1,256751,1,152402,1,115401,1,1221067,1,10951,1,109108,1,12294,4,302319,4,79182,4,232755,4,445703,8,600893,96,48472,36,3106,1,25158,1,2665,1,0,0,0,0,0,0,0,0,102727,1,32642,1,4368,1,6823,1,49835,1,172139,1,27643,1,3657,1,5691,1,31019,1,66617,1,16312,1,240,1,9545,1,4468,1,16552,1,9545,1,48,1,1240,1,1,1,0,1,4504,1,5041,1,0,1,0,0,211647,1,292809,1,776,1,776,1,0,1,96,1,2244,1,97,1,0,1,2,1,0,1,0,1,1,1,8,1,24,1,0,1,0,1,216,1,16312,1,0,1,0,1,2195,1,3597,1,8,1,8,1,0,1,79770,1,97,1,13283,1,363,1,113988,1,841,1,1,1,32,1,32,1
234,1866300,4467,9545,28.9889,,0,11,8,96,30988,9037,30118,1835312,16,227,40,1,26561,1,130,1,254778,1,152933,1,113657,1,1276172,1,11041,1,111634,1,12133,4,305374,4,78821,4,272451,4,456053,8,649794,96,48593,36,3046,1,24928,1,2695,1,0,0,0,0,0,0,0,0,103588,1,32522,1,4408,1,6613,1,49054,1,171017,1,27843,1,3456,1,5551,1,31069,1,69563,1,16318,1,233,1,9545,1,4467,1,16551,1,9545,1,48,1,1240,1,1,1,0,1,4504,1,5041,1,0,1,0,0,221090,1,510609,1,775,1,776,1,0,1,96,1,2232,1,97,1,0,1,2,1,0,1,0,1,1,1,8,1,24,1,0,1,0,1,209,1,16318,1,0,1,0,1,2360,1,12342,1,8,1,8,1,0,1,117029,1,97,1,16637,1,3300,1,120547,1,1072,1,1,1,32,1,32,1
235,1828700,4467,9545,28.9889,,0,11,8,96,31691,12734,29195,1797009,16,227,100,1,26200,1,40,1,257022,1,155668,1,115741,1,1231256,1,10981,1,112115,1,12324,4,301236,4,79382,4,235992,4,445963,8,604407,96,48353,36,2976,1,25829,1,2705,1,0,0,0,0,0,0,0,0,105472,1,33173,1,4378,1,6793,1,49725,1,172340,1,27863,1,3877,1,5480,1,30929,1,69884,1,16319,1,233,1,9545,1,4467,1,16552,1,9545,1,48,1,1240,1,1,1,0,1,4502,1,5041,1,2,1,0,0,213128,1,360624,1,776,1,776,1,0,1,96,1,2232,1,97,1,0,1,2,1,0,1,0,1,1,1,8,1,24,1,0,1,0,1,209,1,16319,1,1,1,0,1,2162,1,19107,1,8,1,8,1,0,1,91693,1,97,1,13250,1,396,1,114383,1,2095,1,1,1,32,1,32,1
236,1817000,4467,9545,28.9889,,0,11,8,96,32836,12113,28604,1784164,16,227,40,1,26280,1,40,1,256902,1,156189,1,113858,1,1219724,1,11131,1,110000,1,11833,4,300455,4,79001,4,235651,4,438820,8,597895,96,47972,36,2975,1,26210,1,2665,1,0,0,0,0,0,0,0,0,105201,1,33805,1,4368,1,6613,1,49565,1,172510,1,27943,1,3637,1,5711,1,30528,1,68251,1,16321,1,233,1,9545,1,4467,1,16554,1,9545,1,48,1,1240,1,1,1,0,1,4503,1,5041,1,1,1,0,0,211474,1,354354,1,776,1,776,1,0,1,96,1,2232,1,97,1,0,1,2,1,0,1,0,1,1,1,8,1,24,1,0,1,0,1,209,1,16321,1,1,1,0,1,2162,1,27192,1,8,1,8,1,0,1,81041,1,97,1,13481,1,363,1,112816,1,2590,1,1,1,32,1,32,1
237,1810100,4467,9545,28.9889,,0,11,8,96,30745,13065,28764,1779355,16,227,40,1,26531,1,30,1,252313,1,152612,1,115200,1,1221738,1,10891,1,109700,1,12053,4,300986,4,79051,4,234920,4,440333,8,598275,96,48212,36,2996,1,25930,1,2705,1,0,0,0,0,0,0,0,0,102165,1,33654,1,4338,1,6462,1,48753,1,169174,1,27623,1,3737,1,5491,1,30679,1,67860,1,16321,1,233,1,9545,1,4467,1,16554,1,9545,1,48,1,1240,1,1,1,0,1,4502,1,5041,1,2,1,0,0,214745,1,320265,1,776,1,776,1,0,1,96,1,2232,1,97,1,0,1,2,1,0,1,0,1,1,1,8,1,24,1,0,1,0,1,209,1,16321,1,1,1,1,1,2921,1,10362,1,8,1,8,1,0,1,93613,1,97,1,13283,1,5907,1,113674,1,1237,1,1,1,32,1,32,1
238,1819900,4467,9545,28.9889,,0,11,8,96,31207,13246,28674,1788693,16,227,60,1,26451,1,20,1,253585,1,157642,1,116473,1,1223431,1,11031,1,110281,1,12073,4,300946,4,79151,4,234048,4,443328,8,600500,96,48202,36,2936,1,24707,1,2715,1,0,0,0,0,0,0,0,0,105632,1,34867,1,4388,1,6573,1,48703,1,170376,1,27713,1,3988,1,5561,1,30679,1,68110,1,16321,1,233,1,9545,1,4467,1,16554,1,9545,1,48,1,1240,1,1,1,0,1,4504,1,5041,1,0,1,0,0,217170,1,314754,1,776,1,776,1,0,1,96,1,2232,1,97,1,0,1,2,1,0,1,0,1,1,1,8,1,24,1,0,1,0,1,209,1,16321,1,1,1,1,1,2492,1,47454,1,8,1,8,1,0,1,87772,1,97,1,13844,1,429,1,114598,1,13909,1,1,1,32,1,32,1
239,1828500,4467,9545,28.9889,,0,11,8,96,30690,13125,29475,1797810,16,227,20,1,26771,1,30,1,252403,1,154355,1,115241,1,1238069,1,10921,1,108878,1,11823,4,300866,4,82257,4,237995,4,451775,8,611702,96,48593,36,3056,1,25649,1,2645,1,0,0,0,0,0,0,0,0,105372,1,31971,1,4378,1,6512,1,48543,1,168963,1,28084,1,3687,1,5621,1,31009,1,66558,1,16321,1,233,1,9545,1,4467,1,16554,1,9545,1,48,1,1240,1,1,1,0,1,4504,1,5041,1,0,1,0,0,212188,1,345510,1,776,1,776,1,0,1,96,1,2232,1,97,1,0,1,2,1,0,1,0,1,1,1,8,1,24,1,0,1,0,1,209,1,16321,1,1,1,1,1,1832,1,23199,1,8,1,8,1,0,1,88512,1,97,1,13481,1,6369,1,114615,1,2805,1,1,1,32,1,32,1
240,1801500,4467,9545,28.9889,,0,11,8,96,30261,12043,28774,1771239,16,227,20,1,26661,1,30,1,252453,1,150979,1,113367,1,1216859,1,10871,1,111263,1,11993,4,302048,4,79081,4,234258,4,435854,8,593548,96,47791,36,2976,1,24667,1,2675,1,0,0,0,0,0,0,0,0,102145,1,31701,1,4378,1,6252,1,48633,1,169224,1,28024,1,3547,1,5681,1,30919,1,69132,1,16322,1,233,1,9545,1,4467,1,16555,1,9545,1,48,1,1240,1,1,1,0,1,4502,1,5041,1,2,1,0,0,208444,1,310431,1,776,1,776,1,0,1,96,1,2232,1,97,1,0,1,2,1,0,1,0,1,1,1,8,1,24,1,0,1,0,1,209,1,16322,1,1,1,0,1,2690,1,3036,1,8,1,8,1,0,1,81436,1,97,1,13415,1,363,1,114367,1,693,1,1,1,32,1,32,1
241,1806700,4468,9545,28.9889,,0,11,8,96,30391,8857,31720,1776309,16,227,40,1,26591,1,40,1,252924,1,150087,1,113988,1,1221758,1,10881,1,109920,1,12013,4,301507,4,79192,4,236172,4,444942,8,600861,96,48533,36,3026,1,23485,1,2645,1,0,0,0,0,0,0,0,0,102095,1,31130,1,4358,1,6332,1,48954,1,169414,1,27913,1,3486,1,5671,1,30949,1,67820,1,16315,1,240,1,9545,1,4468,1,16555,1,9545,1,48,1,1240,1,1,1,0,1,4504,1,5041,1,0,1,0,0,210056,1,332376,1,776,1,776,1,0,1,96,1,2244,1,97,1,0,1,2,1,0,1,0,1,1,1,8,1,24,1,0,1,0,1,216,1,16315,1,0,1,0,1,2096,1,10923,1,8,1,8,1,0,1,86866,1,97,1,13217,1,2211,1,113377,1,742,1,1,1,32,1,32,1
242,1818000,4467,9545,28.9889,,0,11,8,96,30950,8867,29687,1787050,16,227,40,1,26631,1,30,1,251812,1,154696,1,113748,1,1229042,1,11051,1,109139,1,12243,4,301607,4,78540,4,235010,4,452857,8,610108,96,48072,36,3016,1,25128,1,2635,1,0,0,0,0,0,0,0,0,101865,1,35899,1,4368,1,6222,1,49254,1,168001,1,28064,1,3517,1,5691,1,30939,1,66978,1,16323,1,233,1,9545,1,4467,1,16556,1,9545,1,48,1,1240,1,1,1,0,1,4504,1,5040,1,1,1,0,0,212861,1,324555,1,776,1,776,1,0,1,96,1,2232,1,97,1,0,1,2,1,0,1,0,1,1,1,8,1,24,1,0,1,0,1,209,1,16323,1,0,1,0,1,1931,1,9009,1,8,1,8,1,0,1,78998,1,97,1,13316,1,5973,1,114961,1,3184,1,1,1,32,1,32,1
243,1843900,4467,9545,28.9889,,0,11,8,96,30911,11572,30116,1812989,16,227,50,1,26481,1,30,1,251842,1,158123,1,114138,1,1251355,1,10971,1,111503,1,11602,4,300986,4,79262,4,239859,4,466012,8,627492,96,48262,36,3006,1,24898,1,2655,1,0,0,0,0,0,0,0,0,107616,1,33494,1,4408,1,6262,1,48503,1,168933,1,27763,1,3948,1,5661,1,30889,1,69022,1,16322,1,233,1,9545,1,4467,1,16555,1,9545,1,48,1,1240,1,1,1,0,1,4504,1,5041,1,0,1,0,0,212530,1,385176,1,776,1,776,1,0,1,96,1,2232,1,97,1,0,1,2,1,0,1,0,1,1,1,8,1,24,1,0,1,0,1,209,1,16322,1,1,1,0,1,2558,1,49038,1,8,1,8,1,0,1,100907,1,97,1,13943,1,363,1,116990,1,13777,1,1,1,32,1,32,1
244,1814700,4467,9545,28.988903,,0,11,8,96,31137,13176,29004,1783563,16,227,20,1,26641,1,40,1,252463,1,152372,1,113718,1,1227469,1,10841,1,111653,1,12173,4,301798,4,79041,4,232645,4,445482,8,600761,96,48362,36,3006,1,25809,1,2685,1,0,0,0,0,0,0,0,0,101675,1,33564,1,4438,1,6182,1,49455,1,168613,1,27953,1,3737,1,5551,1,30999,1,69323,1,16322,1,233,1,9545,1,4467,1,16555,1,9545,1,48,1,1240,1,1,1,0,1,4503,1,5041,1,1,1,0,0,217122,1,314820,1,776,1,776,1,0,1,96,1,2232,1,97,1,0,1,2,1,0,1,0,1,1,1,8,1,24,1,0,1,0,1,209,1,16322,1,1,1,1,1,2558,1,2937,1,8,1,8,1,0,1,83367,1,97,1,13745,1,462,1,113988,1,1633,1,1,1,32,1,32,1
245,1821400,4468,9545,28.988903,,0,11,8,96,31285,8937,28785,1790115,16,227,30,1,26581,1,110,1,253134,1,159605,1,113888,1,1225746,1,11021,1,113206,1,12584,4,302719,4,79242,4,236422,4,441134,8,600540,96,48232,36,3146,1,25669,1,2685,1,0,0,0,0,0,0,0,0,108668,1,32983,1,4388,1,6813,1,48924,1,169414,1,27733,1,3497,1,5591,1,30819,1,71256,1,16317,1,240,1,9545,1,4468,1,16557,1,9545,1,48,1,1240,1,1,1,0,1,4504,1,5041,1,0,1,0,0,212189,1,374121,1,776,1,776,1,0,1,96,1,2244,1,97,1,0,1,2,1,0,1,0,1,1,1,8,1,24,1,0,1,0,1,216,1,16317,1,0,1,0,1,2690,1,57981,1,8,1,8,1,0,1,102748,1,97,1,14108,1,1287,1,112536,1,14701,1,1,1,32,1,32,1
246,1810500,4467,9545,28.988903,,0,11,8,96,30604,8817,28774,1779896,16,227,40,1,26761,1,40,1,254637,1,151921,1,114058,1,1221167,1,11272,1,112555,1,12023,4,301347,4,78721,4,234519,4,443008,8,600530,96,48222,36,3056,1,24467,1,2655,1,0,0,0,0,0,0,0,0,101625,1,33274,1,4358,1,7284,1,49174,1,169504,1,28394,1,3437,1,5531,1,30939,1,70685,1,16323,1,233,1,9545,1,4467,1,16556,1,9545,1,48,1,1240,1,1,1,0,1,4504,1,5041,1,0,1,0,0,211525,1,334224,1,776,1,776,1,0,1,96,1,2232,1,97,1,0,1,2,1,0,1,0,1,1,1,8,1,24,1,0,1,0,1,209,1,16323,1,0,1,0,1,2360,1,9042,1,8,1,8,1,0,1,89572,1,97,1,13613,1,2706,1,113262,1,1600,1,1,1,32,1,32,1
247,1808700,4467,9545,28.988903,,0,11,8,96,30878,11221,28033,1777822,16,227,40,1,26661,1,50,1,252784,1,151370,1,112936,1,1223090,1,10891,1,110301,1,11662,4,301086,4,78951,4,236553,4,442867,8,603405,96,47982,36,2986,1,24787,1,2675,1,0,0,0,0,0,0,0,0,101214,1,32993,1,4378,1,6683,1,48884,1,169304,1,27673,1,3486,1,5320,1,30538,1,68932,1,16321,1,233,1,9545,1,4467,1,16554,1,9545,1,48,1,1240,1,1,1,0,1,4504,1,5041,1,0,1,0,0,207914,1,336501,1,776,1,776,1,0,1,96,1,2232,1,97,1,0,1,2,1,0,1,0,1,1,1,8,1,24,1,0,1,0,1,209,1,16321,1,1,1,0,1,2228,1,10659,1,8,1,8,1,0,1,88905,1,97,1,13580,1,6270,1,115605,1,841,1,1,1,32,1,32,1
248,1919500,4468,9545,28.988903,,0,11,8,96,32369,9608,31278,1887131,16,227,130,1,30789,1,30,1,287250,1,164124,1,127284,1,1265622,1,11903,1,118938,1,12123,4,335783,4,79492,4,236523,4,441505,8,599158,96,47591,36,3126,1,25809,1,2715,1,0,0,0,0,0,0,0,0,111273,1,34446,1,4659,1,7154,1,58131,1,187699,1,33654,1,3817,1,6102,1,30749,1,75695,1,16316,1,240,1,9545,1,4468,1,16556,1,9545,1,48,1,1240,1,1,1,0,1,4504,1,5041,1,0,1,0,0,208549,1,356004,1,776,1,776,1,0,1,96,1,2244,1,97,1,0,1,2,1,0,1,0,1,1,1,8,1,24,1,0,1,0,1,216,1,16316,1,0,1,0,1,5494,1,58509,1,8,1,8,1,0,1,100607,1,97,1,13513,1,7029,1,111782,1,17292,1,1,1,32,1,32,1
249,1909900,4467,9545,28.988903,,0,11,8,96,29482,8907,29074,1880418,16,227,90,1,30619,1,20,1,263484,1,155097,1,128516,1,1291642,1,10951,1,117705,1,12143,4,367904,4,78620,4,235000,4,439561,8,597695,96,47791,36,3446,1,25659,1,2695,1,0,0,0,0,0,0,0,0,104570,1,33073,1,4599,1,6653,1,54434,1,168833,1,33294,1,3978,1,6072,1,30769,1,74583,1,16322,1,233,1,9545,1,4467,1,16555,1,9545,1,48,1,1240,1,1,1,0,1,4504,1,5041,1,0,1,0,0,215634,1,361548,1,776,1,776,1,0,1,96,1,2232,1,97,1,0,1,2,1,0,1,0,1,1,1,8,1,24,1,0,1,0,1,209,1,16322,1,0,1,0,1,2591,1,45540,1,8,1,8,1,0,1,102605,1,97,1,14207,1,5940,1,115440,1,17044,1,1,1,32,1,32,1
250,1860100,4467,9545,28.988903,,0,11,8,96,31190,10960,31641,1828910,16,227,160,1,26240,1,40,1,251682,1,151991,1,112976,1,1274890,1,10931,1,115812,1,12925,4,320804,4,81766,4,254958,4,446675,8,620708,96,49284,36,3006,1,25359,1,2625,1,0,0,0,0,0,0,0,0,101534,1,33454,1,4449,1,6192,1,48513,1,168903,1,27763,1,3417,1,5190,1,30679,1,74272,1,16324,1,233,1,9545,1,4467,1,16557,1,9545,1,48,1,1240,1,1,1,0,1,4503,1,5041,1,1,1,0,0,222774,1,290961,1,776,1,776,1,0,1,96,1,2232,1,97,1,0,1,2,1,0,1,0,1,1,1,8,1,24,1,0,1,0,1,209,1,16324,1,1,1,0,1,2360,1,9504,1,8,1,8,1,0,1,81995,1,97,1,16088,1,7854,1,120603,1,874,1,1,1,32,1,32,1
251,2047900,4467,9545,28.988903,,0,11,8,96,40469,11071,39682,2007431,16,227,130,1,31390,1,70,1,290035,1,165296,1,132794,1,1377255,1,10460,1,117344,1,13857,4,344639,4,83099,4,289434,4,481121,8,677540,96,53332,36,3316,1,30589,1,2785,1,0,0,0,0,0,0,0,0,114369,1,31420,1,5070,1,7444,1,58181,1,189042,1,34787,1,3687,1,5911,1,30168,1,74983,1,16322,1,233,1,9545,1,4467,1,16555,1,9545,1,48,1,1240,1,1,1,0,1,4501,1,5041,1,3,1,0,0,213549,1,406098,1,775,1,775,1,0,1,96,1,2232,1,97,1,0,1,2,1,0,1,0,1,1,1,8,1,24,1,0,1,0,1,209,1,16322,1,1,1,0,1,6732,1,30855,1,8,1,8,1,0,1,113628,1,97,1,13266,1,4092,1,109000,1,3630,1,1,1,32,1,32,1
252,2053200,4467,9545,28.988903,,0,11,8,96,31251,10661,38800,2021949,16,227,70,1,31320,1,40,1,280747,1,169464,1,134317,1,1394749,1,11242,1,116412,1,14087,4,353997,4,85824,4,260498,4,517651,8,679144,96,60205,36,6132,1,26841,1,2645,1,0,0,0,0,0,0,0,0,114880,1,36009,1,4929,1,8807,1,59223,1,176197,1,36039,1,3907,1,6172,1,30288,1,73591,1,16324,1,233,1,9545,1,4467,1,16557,1,9545,1,48,1,1240,1,1,1,0,1,4504,1,5041,1,0,1,0,0,232205,1,295944,1,776,1,776,1,0,1,96,1,2232,1,97,1,0,1,2,1,0,1,0,1,1,1,8,1,24,1,0,1,0,1,209,1,16324,1,1,1,0,1,2393,1,7095,1,8,1,8,1,0,1,80863,1,97,1,14438,1,660,1,122221,1,1831,1,1,1,32,1,32,1
253,1929500,4468,9545,28.988903,,0,11,8,96,31017,9388,36758,1898483,16,227,40,1,26781,1,30,1,261791,1,159485,1,117345,1,1322120,1,10891,1,112405,1,12985,4,303671,4,86506,4,257372,4,504295,8,667710,96,57199,36,6072,1,26731,1,2695,1,0,0,0,0,0,0,0,0,107025,1,34706,1,4358,1,6613,1,50617,1,176167,1,28004,1,3206,1,5771,1,30488,1,70856,1,16316,1,240,1,9545,1,4468,1,16556,1,9545,1,48,1,1240,1,1,1,0,1,4503,1,5041,1,1,1,0,0,236690,1,352869,1,776,1,776,1,0,1,96,1,2244,1,97,1,0,1,2,1,0,1,0,1,1,1,8,1,24,1,0,1,0,1,216,1,16316,1,0,1,0,1,1964,1,14718,1,8,1,8,1,0,1,101366,1,97,1,13514,1,6369,1,127848,1,775,1,1,1,32,1,32,1
254,1904100,4467,9545,28.988903,,0,11,8,96,31316,9178,34994,1872784,16,227,40,1,26721,1,50,1,260048,1,166258,1,113878,1,1294908,1,10881,1,114229,1,13265,4,303040,4,82979,4,254086,4,485469,8,650688,96,53873,36,6032,1,23976,1,2655,1,0,0,0,0,0,0,0,0,113948,1,34877,1,4408,1,6863,1,49966,1,174855,1,28034,1,3767,1,5661,1,30498,1,72348,1,16322,1,233,1,9545,1,4467,1,16555,1,9545,1,48,1,1240,1,1,1,0,1,4504,1,5041,1,0,1,0,0,212486,1,360921,1,775,1,776,1,0,1,96,1,2232,1,97,1,0,1,2,1,0,1,0,1,1,1,8,1,24,1,0,1,0,1,209,1,16322,1,0,1,0,1,5066,1,71115,1,8,1,8,1,0,1,88575,1,97,1,13580,1,6501,1,111727,1,18958,1,1,1,32,1,32,1
255,1839200,4467,9545,28.988903,,0,11,8,96,30890,12824,29706,1808310,16,227,30,1,26220,1,60,1,258394,1,155467,1,116202,1,1241105,1,10831,1,114870,1,12344,4,301046,4,78480,4,243656,4,448068,8,613525,96,48493,36,3066,1,24126,1,2625,1,0,0,0,0,0,0,0,0,105672,1,32793,1,4368,1,6703,1,49545,1,173963,1,27903,1,3958,1,5521,1,30679,1,72629,1,16321,1,233,1,9545,1,4467,1,16554,1,9545,1,48,1,1240,1,1,1,0,1,4504,1,5041,1,0,1,0,0,212915,1,377520,1,775,1,775,1,0,1,96,1,2232,1,97,1,0,1,2,1,0,1,0,1,1,1,8,1,24,1,0,1,0,1,209,1,16321,1,1,1,0,1,2129,1,18018,1,8,1,8,1,0,1,97768,1,97,1,14537,1,1452,1,116248,1,1287,1,1,1,32,1,32,1
256,1817600,4467,9545,28.988903,,0,11,8,96,31632,10049,29527,1785968,16,227,60,1,26831,1,100,1,255278,1,158533,1,113367,1,1220726,1,11071,1,110201,1,12153,4,299413,4,78490,4,235501,4,444711,8,602723,96,47962,36,2996,1,24567,1,2645,1,0,0,0,0,0,0,0,0,109209,1,32121,1,4378,1,6252,1,50186,1,170677,1,27863,1,3316,1,5230,1,30609,1,69142,1,16322,1,233,1,9545,1,4467,1,16555,1,9545,1,48,1,1240,1,1,1,0,1,4504,1,5041,1,0,1,0,0,213503,1,367653,1,776,1,776,1,0,1,96,1,2232,1,97,1,0,1,2,1,0,1,0,1,1,1,8,1,24,1,0,1,0,1,209,1,16322,1,1,1,0,1,2360,1,60357,1,8,1,8,1,0,1,100211,1,97,1,13580,1,6138,1,115786,1,14437,1,1,1,32,1,32,1
257,1843000,4468,9545,28.988903,,0,11,8,96,34549,8947,30227,1808451,16,227,50,1,26340,1,10,1,254196,1,165036,1,113357,1,1238400,1,11061,1,111784,1,11883,4,301417,4,81255,4,245059,4,446204,8,611511,96,49524,36,2956,1,26230,1,2665,1,0,0,0,0,0,0,0,0,114780,1,33013,1,4368,1,6262,1,49916,1,170005,1,27743,1,3026,1,5741,1,30568,1,70425,1,16316,1,240,1,9545,1,4468,1,16556,1,9545,1,48,1,1240,1,1,1,0,1,4504,1,5041,1,0,1,0,0,218414,1,354321,1,776,1,776,1,0,1,96,1,2244,1,97,1,0,1,2,1,0,1,0,1,1,1,8,1,24,1,0,1,0,1,216,1,16316,1,0,1,0,1,2261,1,45903,1,8,1,8,1,0,1,94233,1,97,1,14471,1,5676,1,117502,1,18546,1,1,1,32,1,32,1
258,1814700,4467,9545,28.988903,,0,11,8,96,31418,8997,29446,1783282,16,227,70,1,26721,1,30,1,254577,1,153454,1,113848,1,1223601,1,10981,1,111123,1,12153,4,301527,4,78991,4,236853,4,443158,8,602403,96,48162,36,3026,1,25108,1,2665,1,0,0,0,0,0,0,0,0,104450,1,31580,1,4489,1,6392,1,49555,1,170546,1,27813,1,3507,1,5581,1,30839,1,69192,1,16321,1,233,1,9545,1,4467,1,16554,1,9545,1,48,1,1240,1,1,1,0,1,4503,1,5041,1,1,1,0,0,209846,1,385077,1,776,1,776,1,0,1,96,1,2232,1,97,1,0,1,2,1,0,1,0,1,1,1,8,1,24,1,0,1,0,1,209,1,16321,1,0,1,0,1,2261,1,18975,1,8,1,8,1,0,1,92848,1,97,1,13217,1,3564,1,112701,1,3349,1,1,1,32,1,32,1
259,1857500,4467,9545,28.988903,,0,11,8,96,32758,13285,29786,1824742,16,227,60,1,26771,1,30,1,254938,1,180035,1,115651,1,1236356,1,10901,1,112004,1,11752,4,301186,4,78801,4,237014,4,450763,8,606862,96,51128,36,3056,1,25799,1,2695,1,0,0,0,0,0,0,0,0,124999,1,37742,1,4368,1,7214,1,48984,1,170416,1,28024,1,3867,1,5541,1,30579,1,70074,1,16320,1,233,1,9545,1,4467,1,16553,1,9545,1,48,1,1240,1,1,1,0,1,4503,1,5041,1,1,1,0,0,217980,1,332343,1,776,1,776,1,0,1,96,1,2232,1,97,1,0,1,2,1,0,1,0,1,1,1,8,1,24,1,0,1,0,1,209,1,16320,1,1,1,0,1,2129,1,26994,1,8,1,8,1,0,1,84966,1,97,1,13646,1,990,1,119663,1,1567,1,1,1,32,1,32,1
260,1814300,4468,9545,28.988903,,0,11,8,96,30647,9067,29867,1783653,16,227,70,1,26841,1,30,1,255218,1,151831,1,116122,1,1222620,1,10921,1,112385,1,11803,4,301597,4,79322,4,235721,4,441065,8,598847,96,48072,36,3006,1,26000,1,2655,1,0,0,0,0,0,0,0,0,102386,1,32422,1,4358,1,7134,1,50176,1,169905,1,27743,1,3437,1,5641,1,31130,1,70194,1,16316,1,240,1,9545,1,4468,1,16556,1,9545,1,48,1,1240,1,1,1,0,1,4504,1,5041,1,0,1,0,0,208231,1,341682,1,776,1,776,1,0,1,96,1,2244,1,97,1,0,1,2,1,0,1,0,1,1,1,8,1,24,1,0,1,0,1,216,1,16316,1,0,1,0,1,2162,1,5709,1,8,1,8,1,0,1,81434,1,97,1,13613,1,5214,1,114631,1,1138,1,1,1,32,1,32,1
261,1832600,4467,9545,28.988903,,0,11,8,96,31333,9108,28002,1801267,16,227,60,1,26691,1,50,1,255198,1,159185,1,115381,1,1233560,1,11141,1,120551,1,12704,4,301798,4,79131,4,236072,4,443569,8,603206,96,48432,36,3046,1,24918,1,2665,1,0,0,0,0,0,0,0,0,109670,1,32242,1,4388,1,6773,1,49164,1,171097,1,27903,1,3517,1,5681,1,30869,1,78420,1,16322,1,233,1,9545,1,4467,1,16555,1,9545,1,48,1,1240,1,1,1,0,1,4504,1,5041,1,0,1,0,0,211645,1,331980,1,776,1,776,1,0,1,96,1,2232,1,97,1,0,1,2,1,0,1,0,1,1,1,8,1,24,1,0,1,0,1,209,1,16322,1,0,1,0,1,2921,1,60225,1,8,1,8,1,0,1,94898,1,97,1,13613,1,2541,1,115374,1,14091,1,1,1,32,1,32,1
262,1820100,4467,9545,28.988903,,0,11,8,96,31067,12083,28924,1789033,16,227,70,1,26511,1,40,1,253285,1,157291,1,114389,1,1226517,1,10931,1,111343,1,11913,4,301407,4,79382,4,236052,4,443919,8,602544,96,48503,36,2995,1,24717,1,2705,1,0,0,0,0,0,0,0,0,107676,1,32522,1,4398,1,6462,1,49014,1,169705,1,27863,1,3988,1,5450,1,30959,1,69052,1,16323,1,233,1,9545,1,4467,1,16556,1,9545,1,48,1,1240,1,1,1,0,1,4504,1,5041,1,0,1,0,0,214582,1,346731,1,776,1,776,1,0,1,96,1,2232,1,97,1,0,1,2,1,0,1,0,1,1,1,8,1,24,1,0,1,0,1,209,1,16323,1,1,1,0,1,1832,1,56562,1,8,1,8,1,0,1,93611,1,97,1,13811,1,1584,1,114169,1,13579,1,1,1,32,1,32,1
263,1925400,4468,9545,28.988903,,0,11,8,96,32818,9468,31198,1892582,16,227,130,1,30929,1,60,1,287500,1,164625,1,136040,1,1261514,1,11783,1,113286,1,12474,4,337466,4,79332,4,237705,4,439862,8,598908,96,47461,36,3116,1,26040,1,2765,1,0,0,0,0,0,0,0,0,112405,1,33053,1,5000,1,6873,1,57340,1,188881,1,33805,1,4088,1,6352,1,30699,1,69733,1,16317,1,240,1,9545,1,4468,1,16557,1,9545,1,48,1,1240,1,1,1,0,1,4503,1,5041,1,1,1,0,0,207179,1,322179,1,776,1,776,1,0,1,96,1,2244,1,97,1,0,1,2,1,0,1,0,1,1,1,8,1,24,1,0,1,0,1,216,1,16317,1,0,1,0,1,5263,1,56661,1,8,1,8,1,0,1,90542,1,97,1,13150,1,6897,1,112260,1,17903,1,1,1,32,1,32,1
264,1869000,4467,9545,28.988903,,0,11,8,96,31474,9037,28685,1837526,16,227,90,1,30869,1,40,1,262292,1,160968,1,126021,1,1246104,1,11141,1,112094,1,12073,4,323329,4,78911,4,234529,4,445773,8,603386,96,48232,36,3016,1,24377,1,2966,1,0,0,0,0,0,0,0,0,106885,1,36480,1,4649,1,6623,1,53853,1,170015,1,31570,1,3968,1,6032,1,30829,1,69253,1,16325,1,233,1,9545,1,4467,1,16558,1,9545,1,48,1,1240,1,1,1,0,1,4503,1,5041,1,1,1,0,0,208080,1,334323,1,776,1,776,1,0,1,96,1,2232,1,97,1,0,1,2,1,0,1,0,1,1,1,8,1,24,1,0,1,0,1,209,1,16325,1,0,1,0,1,2492,1,51051,1,8,1,8,1,0,1,83861,1,97,1,13415,1,1089,1,114169,1,15526,1,1,1,32,1,32,1
265,1805000,4467,9545,28.988903,,0,11,8,96,30715,10070,28504,1774285,16,227,50,1,26481,1,30,1,252022,1,152933,1,112646,1,1219293,1,10831,1,110281,1,11702,4,300305,4,78831,4,234960,4,442677,8,601642,96,47491,36,2955,1,24868,1,2645,1,0,0,0,0,0,0,0,0,104019,1,32222,1,4338,1,6202,1,48423,1,169745,1,27352,1,3407,1,5250,1,30468,1,69132,1,16326,1,233,1,9545,1,4467,1,16559,1,9545,1,48,1,1240,1,1,1,0,1,4504,1,5041,1,0,1,0,0,211431,1,346203,1,776,1,776,1,0,1,96,1,2232,1,97,1,0,1,2,1,0,1,0,1,1,1,8,1,24,1,0,1,0,1,209,1,16326,1,1,1,0,1,2789,1,12078,1,8,1,8,1,0,1,94189,1,97,1,13283,1,5610,1,112981,1,973,1,1,1,32,1,32,1
266,1918000,4468,9545,28.988903,,0,11,8,96,31670,9207,30488,1886330,16,227,50,1,31039,1,70,1,281929,1,162301,1,138114,1,1262606,1,10220,1,116493,1,12033,4,340051,4,79071,4,232866,4,440523,8,595610,96,47290,36,3026,1,26661,1,2675,1,0,0,0,0,0,0,0,0,110341,1,32823,1,5010,1,6683,1,56388,1,184413,1,34065,1,4298,1,6352,1,30859,1,72770,1,16320,1,240,1,9545,1,4468,1,16560,1,9545,1,48,1,1240,1,1,1,0,1,4504,1,5041,1,0,1,0,0,203323,1,300432,1,776,1,776,1,0,1,96,1,2244,1,97,1,0,1,2,1,0,1,0,1,1,1,8,1,24,1,0,1,0,1,216,1,16320,1,0,1,0,1,3300,1,55605,1,8,1,8,1,0,1,82743,1,97,1,15180,1,264,1,112976,1,16780,1,1,1,32,1,32,1
267,1947200,4467,9545,28.988903,,0,11,8,96,33974,9238,30098,1913226,16,227,140,1,30699,1,30,1,286949,1,159205,1,135269,1,1289863,1,11071,1,140093,1,12193,4,312087,4,78410,4,243536,4,460141,8,625557,96,48022,36,3928,1,27312,1,2926,1,0,0,0,0,0,0,0,0,107766,1,32562,1,4970,1,6863,1,57540,1,188020,1,33985,1,4348,1,6452,1,33614,1,90749,1,16326,1,233,1,9545,1,4467,1,16559,1,9545,1,48,1,1240,1,1,1,0,1,4504,1,5041,1,0,1,0,0,227356,1,405454,1,776,1,776,1,0,1,96,1,2232,1,97,1,0,1,2,1,0,1,0,1,1,1,8,1,24,1,0,1,0,1,209,1,16326,1,0,1,0,1,2194,1,53460,1,8,1,8,1,0,1,117599,1,97,1,16682,1,2277,1,122766,1,15362,1,1,1,32,1,32,1
268,1931600,4467,9545,28.988903,,0,11,8,96,32947,13717,30379,1898653,16,227,60,1,31220,1,70,1,273263,1,161068,1,134227,1,1287784,1,10961,1,113367,1,12203,4,341694,4,78951,4,237264,4,458307,8,617030,96,48162,36,2995,1,26631,1,2655,1,0,0,0,0,0,0,0,0,110512,1,31831,1,4959,1,6663,1,55606,1,175305,1,34867,1,4318,1,6202,1,30649,1,70084,1,16326,1,233,1,9545,1,4467,1,16559,1,9545,1,48,1,1240,1,1,1,0,1,4504,1,5041,1,0,1,0,0,217091,1,368082,1,776,1,776,1,0,1,96,1,2232,1,97,1,0,1,2,1,0,1,0,1,1,1,8,1,24,1,0,1,0,1,209,1,16326,1,1,1,1,1,2789,1,62436,1,8,1,8,1,0,1,101696,1,97,1,13415,1,1749,1,118013,1,13183,1,1,1,32,1,32,1
269,1918900,4468,9545,28.988903,,0,11,8,96,33652,8987,30077,1885248,16,227,30,1,30899,1,90,1,277671,1,157181,1,136662,1,1271082,1,11632,1,112084,1,12344,4,346142,4,89020,4,234419,4,436375,8,594779,96,45938,36,3026,1,26010,1,2675,1,0,0,0,0,0,0,0,0,104841,1,33364,1,4919,1,6913,1,55787,1,182139,1,32432,1,4378,1,6282,1,30448,1,68942,1,16320,1,240,1,9545,1,4468,1,16560,1,9545,1,48,1,1240,1,1,1,0,1,4504,1,5041,1,0,1,0,0,206605,1,321123,1,776,1,776,1,0,1,96,1,2244,1,97,1,0,1,2,1,0,1,0,1,1,1,8,1,24,1,0,1,0,1,216,1,16320,1,0,1,0,1,3399,1,18282,1,8,1,8,1,0,1,88631,1,97,1,13068,1,1683,1,111343,1,3217,1,1,1,32,1,32,1
270,1875400,4467,9545,28.988903,,0,11,8,96,31211,9057,29545,1844189,16,227,50,1,31130,1,40,1,269265,1,157331,1,126332,1,1249140,1,10901,1,111423,1,12033,4,333328,4,78741,4,236142,4,438089,8,596674,96,48011,36,2956,1,24717,1,2655,1,0,0,0,0,0,0,0,0,106193,1,33484,1,4629,1,6583,1,54815,1,173662,1,33935,1,4048,1,5981,1,30849,1,68431,1,16326,1,233,1,9545,1,4467,1,16559,1,9545,1,48,1,1240,1,1,1,0,1,4504,1,5041,1,0,1,0,0,212482,1,320826,1,776,1,776,1,0,1,96,1,2232,1,97,1,0,1,2,1,0,1,0,1,1,1,8,1,24,1,0,1,0,1,209,1,16326,1,0,1,0,1,2096,1,52635,1,8,1,8,1,0,1,85435,1,97,1,13217,1,2046,1,114862,1,15361,1,1,1,32,1,32,1
271,1815600,4467,9545,28.988903,,0,11,8,96,30694,13175,29325,1784906,16,227,30,1,26621,1,30,1,254818,1,155578,1,113537,1,1223151,1,11141,1,109399,1,12193,4,299643,4,78851,4,237955,4,441445,8,602054,96,48022,36,3056,1,24777,1,2655,1,0,0,0,0,0,0,0,0,106514,1,32282,1,4338,1,6182,1,49134,1,171258,1,27994,1,4018,1,5480,1,30729,1,67148,1,16326,1,233,1,9545,1,4467,1,16559,1,9545,1,48,1,1240,1,1,1,0,1,4503,1,5041,1,1,1,0,0,213722,1,329505,1,776,1,776,1,0,1,96,1,2232,1,97,1,0,1,2,1,0,1,0,1,1,1,8,1,24,1,0,1,0,1,209,1,16326,1,1,1,1,1,2129,1,24024,1,8,1,8,1,0,1,92724,1,97,1,13382,1,5346,1,113839,1,2739,1,1,1,32,1,32,1
272,1940100,4467,9545,28.988903,,0,11,8,96,32480,13496,34895,1907620,16,227,70,1,30408,1,50,1,285516,1,158754,1,139587,1,1282785,1,10450,1,111343,1,12113,4,319662,4,100713,4,239338,4,455993,8,609919,96,50517,36,3096,1,24337,1,2695,1,0,0,0,0,0,0,0,0,108348,1,31510,1,4919,1,6753,1,58051,1,186787,1,33444,1,3807,1,5691,1,30438,1,68992,1,16326,1,233,1,9545,1,4467,1,16559,1,9545,1,48,1,1240,1,1,1,0,1,4504,1,5041,1,0,1,0,0,217142,1,352374,1,776,1,776,1,0,1,96,1,2232,1,97,1,0,1,2,1,0,1,0,1,1,1,8,1,24,1,0,1,0,1,209,1,16326,1,1,1,1,1,3943,1,4158,1,8,1,8,1,0,1,93382,1,97,1,13315,1,6006,1,119487,1,875,1,1,1,32,1,32,1
273,1894300,4467,9545,28.988903,,0,11,8,96,32988,13595,30588,1861312,16,227,60,1,30899,1,50,1,283202,1,157612,1,133385,1,1245283,1,10821,1,110812,1,12233,4,318399,4,80414,4,236973,4,441676,8,600090,96,47971,36,3066,1,25439,1,2675,1,0,0,0,0,0,0,0,0,103999,1,34686,1,5070,1,6733,1,57310,1,184513,1,34256,1,3837,1,5871,1,30438,1,68401,1,16326,1,233,1,9545,1,4467,1,16559,1,9545,1,48,1,1240,1,1,1,0,1,4503,1,5041,1,1,1,0,0,203310,1,322707,1,775,1,776,1,0,1,96,1,2232,1,97,1,0,1,2,1,0,1,0,1,1,1,8,1,24,1,0,1,0,1,209,1,16326,1,1,1,1,1,3382,1,9471,1,8,1,8,1,0,1,88432,1,97,1,15625,1,6138,1,112788,1,2855,1,1,1,32,1,32,1
274,1879800,4468,9545,28.988905,,0,11,8,96,30932,9278,29246,1848868,16,227,80,1,30959,1,30,1,278042,1,157221,1,143254,1,1228391,1,10891,1,114519,1,11893,4,304002,4,79662,4,234308,4,442336,8,598465,96,48934,36,3026,1,26671,1,2695,1,0,0,0,0,0,0,0,0,103518,1,34025,1,5340,1,8085,1,58021,1,175185,1,36380,1,4318,1,6653,1,30839,1,70435,1,16320,1,240,1,9545,1,4468,1,16560,1,9545,1,48,1,1240,1,1,1,0,1,4502,1,5041,1,2,1,0,0,213308,1,304062,1,776,1,776,1,0,1,96,1,2244,1,97,1,0,1,2,1,0,1,0,1,1,1,8,1,24,1,0,1,0,1,216,1,16320,1,0,1,0,1,2459,1,9867,1,8,1,8,1,0,1,74392,1,97,1,13547,1,462,1,114780,1,1551,1,1,1,32,1,32,1
275,1861500,4467,9545,28.988905,,0,11,8,96,32340,9047,30066,1829160,16,227,50,1,26801,1,60,1,261150,1,156329,1,113928,1,1259680,1,11161,1,113147,1,12003,4,301397,4,78731,4,241041,4,473105,8,634716,96,49364,36,3066,1,25479,1,2665,1,0,0,0,0,0,0,0,0,107005,1,31971,1,4489,1,7144,1,49825,1,175806,1,28074,1,3677,1,5571,1,30899,1,70846,1,16327,1,233,1,9545,1,4467,1,16560,1,9545,1,48,1,1240,1,1,1,0,1,4501,1,5042,1,2,1,0,0,220144,1,342903,1,776,1,776,1,0,1,96,1,2232,1,97,1,0,1,2,1,0,1,0,1,1,1,8,1,24,1,0,1,0,1,209,1,16327,1,0,1,0,1,2228,1,48741,1,8,1,8,1,0,1,83655,1,97,1,13679,1,429,1,124585,1,14845,1,1,1,32,1,32,1
276,1821000,4468,9545,28.988905,,0,11,8,96,31065,8847,29034,1789935,16,227,30,1,26140,1,40,1,258885,1,151380,1,114148,1,1228441,1,10871,1,111533,1,11983,4,301667,4,79522,4,236462,4,446124,8,605310,96,48242,36,3076,1,26561,1,2665,1,0,0,0,0,0,0,0,0,103047,1,31280,1,4338,1,7484,1,49204,1,174484,1,27463,1,3396,1,5591,1,30849,1,69683,1,16320,1,240,1,9545,1,4468,1,16560,1,9545,1,48,1,1240,1,1,1,0,1,4502,1,5042,1,1,1,0,0,210357,1,377718,1,776,1,776,1,0,1,96,1,2244,1,97,1,0,1,2,1,0,1,0,1,1,1,8,1,24,1,0,1,0,1,216,1,16320,1,0,1,0,1,2426,1,11022,1,8,1,8,1,0,1,102093,1,97,1,13415,1,6534,1,113525,1,478,1,1,1,32,1,32,1
277,1826500,4467,9545,28.988905,,0,11,8,96,31064,8847,29697,1795436,16,227,40,1,26170,1,40,1,258705,1,159645,1,115341,1,1224503,1,10991,1,111764,1,12073,4,300735,4,79622,4,237595,4,442267,8,601822,96,48342,36,2956,1,25920,1,2725,1,0,0,0,0,0,0,0,0,109019,1,33434,1,4408,1,6963,1,49374,1,174113,1,27964,1,3417,1,5571,1,30959,1,69804,1,16327,1,233,1,9545,1,4467,1,16560,1,9545,1,48,1,1240,1,1,1,0,1,4503,1,5042,1,0,1,0,0,212222,1,349404,1,776,1,776,1,0,1,96,1,2232,1,97,1,0,1,2,1,0,1,0,1,1,1,8,1,24,1,0,1,0,1,209,1,16327,1,0,1,0,1,1964,1,55341,1,8,1,8,1,0,1,89999,1,97,1,13250,1,3564,1,113641,1,15345,1,1,1,32,1,32,1
278,1820600,4467,9545,28.988905,,0,11,8,96,31166,11572,29225,1789434,16,227,40,1,26681,1,40,1,255319,1,157191,1,113948,1,1224984,1,11231,1,108668,1,11833,4,301016,4,79021,4,238847,4,443499,8,604558,96,48563,36,3036,1,24828,1,2665,1,0,0,0,0,0,0,0,0,108027,1,31811,1,4378,1,6543,1,49665,1,170947,1,27893,1,3607,1,5360,1,30929,1,66818,1,16326,1,233,1,9545,1,4467,1,16559,1,9545,1,48,1,1240,1,1,1,0,1,4502,1,5042,1,1,1,0,0,210092,1,345675,1,776,1,776,1,0,1,96,1,2232,1,97,1,0,1,2,1,0,1,0,1,1,1,8,1,24,1,0,1,0,1,209,1,16326,1,1,1,0,1,2195,1,55935,1,8,1,8,1,0,1,93418,1,97,1,13646,1,2277,1,114417,1,15823,1,1,1,32,1,32,1
279,1817300,4467,9545,28.988905,,0,11,8,96,31363,11572,29014,1785937,16,227,50,1,26501,1,40,1,254046,1,159615,1,114399,1,1220325,1,10961,1,108928,1,11853,4,300425,4,78741,4,237885,4,442346,8,603186,96,48032,36,2986,1,22894,1,2695,1,0,0,0,0,0,0,0,0,108518,1,33915,1,4378,1,6332,1,49575,1,169895,1,27943,1,3447,1,5330,1,30318,1,67920,1,16327,1,233,1,9545,1,4467,1,16560,1,9545,1,48,1,1240,1,1,1,0,1,4503,1,5042,1,0,1,0,0,211823,1,334323,1,776,1,776,1,0,1,96,1,2232,1,97,1,0,1,2,1,0,1,0,1,1,1,8,1,24,1,0,1,0,1,209,1,16327,1,1,1,0,1,2327,1,58773,1,8,1,8,1,0,1,89012,1,97,1,13349,1,5115,1,115604,1,14206,1,1,1,32,1,32,1
280,1808700,4468,9545,28.988905,,0,11,8,96,30748,8837,28915,1777952,16,227,60,1,26721,1,20,1,254216,1,154015,1,113417,1,1218572,1,10931,1,111413,1,11752,4,301487,4,79602,4,234549,4,440012,8,597363,96,48282,36,3106,1,25128,1,2685,1,0,0,0,0,0,0,0,0,103298,1,33735,1,4358,1,6322,1,48773,1,170095,1,28735,1,3326,1,5581,1,31079,1,69453,1,16324,1,240,1,9545,1,4468,1,16564,1,9545,1,48,1,1240,1,1,1,0,1,4502,1,5042,1,1,1,0,0,206958,1,312279,1,776,1,776,1,0,1,96,1,2244,1,97,1,0,1,2,1,0,1,0,1,1,1,8,1,24,1,0,1,0,1,216,1,16324,1,0,1,0,1,2492,1,9339,1,8,1,8,1,0,1,79341,1,97,1,13184,1,5643,1,113724,1,2458,1,1,1,32,1,32,1
281,1805200,4467,9545,28.988905,,0,11,8,96,30905,8877,28794,1774295,16,227,50,1,26521,1,40,1,253495,1,150328,1,114900,1,1217820,1,11141,1,109960,1,11963,4,301577,4,78671,4,235681,4,440533,8,599248,96,48172,36,2976,1,24868,1,2715,1,0,0,0,0,0,0,0,0,100222,1,33123,1,4368,1,6312,1,49435,1,169544,1,27893,1,3697,1,5541,1,31079,1,67639,1,16330,1,233,1,9545,1,4467,1,16563,1,9545,1,48,1,1240,1,1,1,0,1,4503,1,5042,1,0,1,0,0,211875,1,313599,1,776,1,776,1,0,1,96,1,2232,1,97,1,0,1,2,1,0,1,0,1,1,1,8,1,24,1,0,1,0,1,209,1,16330,1,0,1,0,1,2492,1,5577,1,8,1,8,1,0,1,92903,1,97,1,13118,1,2805,1,114912,1,841,1,1,1,32,1,32,1
282,1828200,4467,9545,28.988905,,0,11,8,96,31672,13225,29635,1796528,16,227,40,1,26551,1,30,1,252283,1,158333,1,114810,1,1233430,1,11051,1,110862,1,11763,4,301647,4,79252,4,237875,4,448278,8,607584,96,48934,36,3096,1,24767,1,2665,1,0,0,0,0,0,0,0,0,107015,1,34195,1,4408,1,6122,1,48623,1,169374,1,27913,1,3857,1,5561,1,31059,1,68411,1,16330,1,233,1,9545,1,4467,1,16563,1,9545,1,48,1,1240,1,1,1,0,1,4503,1,5042,1,0,1,0,0,213660,1,334125,1,776,1,776,1,0,1,96,1,2232,1,97,1,0,1,2,1,0,1,0,1,1,1,8,1,24,1,0,1,0,1,209,1,16330,1,1,1,1,1,1865,1,52470,1,8,1,8,1,0,1,94951,1,97,1,13679,1,5907,1,113658,1,14437,1,1,1,32,1,32,1
283,1870400,4467,9545,28.988905,,0,11,8,96,32864,13506,30826,1837536,16,227,130,1,26871,1,50,1,253435,1,157972,1,112615,1,1275431,1,11031,1,111964,1,12524,4,301277,4,80965,4,242344,4,481662,8,643134,96,50046,36,3056,1,24537,1,3597,1,0,0,0,0,0,0,0,0,106474,1,33955,1,4408,1,6242,1,48874,1,170106,1,27964,1,3557,1,5591,1,30599,1,70234,1,16330,1,233,1,9545,1,4467,1,16563,1,9545,1,48,1,1240,1,1,1,0,1,4503,1,5042,1,0,1,0,0,212204,1,379038,1,776,1,776,1,0,1,96,1,2232,1,97,1,0,1,2,1,0,1,0,1,1,1,8,1,24,1,0,1,0,1,209,1,16330,1,1,1,1,1,1832,1,48972,1,8,1,8,1,0,1,104219,1,97,1,13811,1,495,1,115638,1,14685,1,1,1,32,1,32,1
284,1951200,4468,9545,28.988905,,0,11,8,96,34643,9578,35575,1916557,16,227,60,1,28775,1,40,1,258064,1,175185,1,114449,1,1328272,1,11712,1,118807,1,13135,4,304302,4,82318,4,258384,4,503764,8,670086,96,56488,36,6152,1,29106,1,2725,1,0,0,0,0,0,0,0,0,122504,1,35107,1,4388,1,6262,1,49956,1,173181,1,28284,1,3376,1,5651,1,30198,1,77558,1,16324,1,240,1,9545,1,4468,1,16564,1,9545,1,48,1,1240,1,1,1,0,1,4503,1,5042,1,0,1,0,0,228741,1,327162,1,776,1,776,1,0,1,96,1,2244,1,97,1,0,1,2,1,0,1,0,1,1,1,8,1,24,1,0,1,0,1,216,1,16324,1,0,1,0,1,2591,1,68013,1,8,1,8,1,0,1,99435,1,97,1,14306,1,5478,1,119118,1,15592,1,1,1,32,1,32,1
285,1923300,4467,9545,28.988905,,0,11,8,96,32151,9358,30479,1891149,16,227,50,1,27012,1,30,1,260258,1,184132,1,117745,1,1290880,1,11041,1,133225,1,12123,4,301747,4,83129,4,247323,4,465120,8,634143,96,47821,36,3016,1,33153,1,2685,1,0,0,0,0,0,0,0,0,129548,1,36360,1,4358,1,6543,1,51368,1,172079,1,29997,1,3637,1,5591,1,30428,1,91566,1,16330,1,233,1,9545,1,4467,1,16563,1,9545,1,48,1,1240,1,1,1,0,1,4503,1,5042,1,0,1,0,0,214579,1,402765,1,776,1,776,1,0,1,96,1,2232,1,97,1,0,1,2,1,0,1,0,1,1,1,8,1,24,1,0,1,0,1,209,1,16330,1,0,1,0,1,2310,1,12342,1,8,1,8,1,0,1,95572,1,97,1,13217,1,5577,1,117172,1,1171,1,1,1,32,1,32,1
286,1991900,4467,9545,28.988905,,0,11,8,96,33482,13446,34354,1958418,16,227,90,1,27192,1,80,1,256922,1,157852,1,113838,1,1391172,1,11272,1,114008,1,12935,4,302990,4,80674,4,278032,4,551245,8,742393,96,52531,36,6012,1,29156,1,2675,1,0,0,0,0,0,0,0,0,110141,1,30659,1,4368,1,6432,1,50226,1,171929,1,28064,1,3777,1,5511,1,30849,1,71958,1,16331,1,233,1,9545,1,4467,1,16564,1,9545,1,48,1,1240,1,1,1,0,1,4502,1,5042,1,1,1,0,0,222665,1,506253,1,772,1,772,1,0,1,96,1,2232,1,97,1,0,1,2,1,0,1,0,1,1,1,8,1,24,1,0,1,0,1,209,1,16331,1,1,1,0,1,2492,1,528,1,8,1,8,1,0,1,131407,1,97,1,14834,1,6303,1,120138,1,528,1,1,1,32,1,32,1
287,2207300,4468,9545,28.988905,,0,11,8,96,33786,9979,32701,2173514,16,227,70,1,31009,1,100,1,306166,1,181632,1,177700,1,1464873,1,11963,1,121913,1,13887,4,424011,4,87788,4,263875,4,504956,8,688549,96,47581,36,4048,1,31450,1,2966,1,0,0,0,0,0,0,0,0,119113,1,37612,1,6302,1,8346,1,66377,1,191537,1,38985,1,4909,1,7785,1,30488,1,75935,1,16325,1,240,1,9545,1,4468,1,16565,1,9545,1,48,1,1240,1,1,1,0,1,4501,1,5042,1,2,1,0,0,206686,1,461340,1,776,1,776,1,0,1,96,1,2244,1,97,1,0,1,2,1,0,1,0,1,1,1,8,1,24,1,0,1,0,1,216,1,16325,1,0,1,0,1,4702,1,50275,1,8,1,8,1,0,1,119990,1,97,1,13035,1,3960,1,112382,1,15840,1,1,1,32,1,32,1
288,2146100,4467,9545,28.988905,,0,11,8,96,30922,9458,30969,2115178,16,227,80,1,44465,1,30,1,368665,1,167631,1,168202,1,1354632,1,11472,1,119970,1,13486,4,391950,4,81536,4,246702,4,459409,8,626459,96,48683,36,3016,1,26451,1,2655,1,0,0,0,0,0,0,0,0,109490,1,35558,1,6232,1,11562,1,94551,1,219710,1,42531,1,4749,1,7564,1,30568,1,74663,1,16330,1,233,1,9545,1,4467,1,16563,1,9545,1,48,1,1240,1,1,1,0,1,4503,1,5042,1,0,1,0,0,224154,1,349899,1,776,1,776,1,0,1,96,1,2232,1,97,1,0,1,2,1,0,1,0,1,1,1,8,1,24,1,0,1,0,1,209,1,16330,1,0,1,0,1,3482,1,5214,1,8,1,8,1,0,1,90690,1,97,1,14240,1,4950,1,119169,1,841,1,1,1,32,1,32,1
289,1906100,4467,9545,28.988905,,0,11,8,96,31964,11302,32272,1874136,16,227,10,1,27332,1,20,1,256471,1,159335,1,113006,1,1307041,1,10921,1,113417,1,12394,4,302008,4,82127,4,255238,4,499285,8,670624,96,51628,36,3046,1,25539,1,2685,1,0,0,0,0,0,0,0,0,108668,1,33534,1,4418,1,6192,1,50457,1,171749,1,27833,1,3467,1,5210,1,30979,1,71827,1,16332,1,233,1,9545,1,4467,1,16565,1,9545,1,48,1,1240,1,1,1,0,1,4503,1,5042,1,0,1,0,0,219319,1,416394,1,776,1,776,1,0,1,96,1,2232,1,97,1,0,1,2,1,0,1,0,1,1,1,8,1,24,1,0,1,0,1,209,1,16332,1,1,1,0,1,2162,1,9042,1,8,1,8,1,0,1,97041,1,97,1,13679,1,3630,1,119647,1,1914,1,1,1,32,1,32,1
290,1843800,4468,9545,28.988905,,0,11,8,96,32614,8907,29275,1811186,16,227,60,1,26601,1,30,1,257182,1,157191,1,113557,1,1245664,1,10901,1,122585,1,12043,4,301868,4,78871,4,241171,4,449159,8,612694,96,48363,36,3156,1,25218,1,2685,1,0,0,0,0,0,0,0,0,107245,1,32903,1,4358,1,6472,1,50507,1,171879,1,28034,1,3747,1,5601,1,30959,1,80173,1,16326,1,240,1,9545,1,4468,1,16566,1,9545,1,48,1,1240,1,1,1,0,1,4503,1,5042,1,0,1,0,0,218081,1,332475,1,776,1,776,1,0,1,96,1,2244,1,97,1,0,1,2,1,0,1,0,1,1,1,8,1,24,1,0,1,0,1,216,1,16326,1,0,1,0,1,2492,1,1023,1,8,1,8,1,0,1,85576,1,97,1,14009,1,6006,1,119366,1,1023,1,1,1,32,1,32,1
291,1855200,4467,9545,28.988905,,0,11,8,96,33945,8877,29304,1821255,16,227,50,1,26641,1,80,1,258264,1,172420,1,115611,1,1237268,1,10921,1,112575,1,11983,4,301787,4,78971,4,239679,4,451764,8,613917,96,48222,36,3356,1,25579,1,2695,1,0,0,0,0,0,0,0,0,123807,1,31881,1,4348,1,6332,1,52370,1,171388,1,27823,1,3246,1,5621,1,29967,1,71807,1,16333,1,233,1,9545,1,4467,1,16566,1,9545,1,48,1,1240,1,1,1,0,1,4503,1,5042,1,0,1,0,0,218528,1,373065,1,776,1,776,1,0,1,96,1,2232,1,97,1,0,1,2,1,0,1,0,1,1,1,8,1,24,1,0,1,0,1,209,1,16333,1,0,1,0,1,2228,1,726,1,8,1,8,1,0,1,89079,1,97,1,14141,1,1056,1,119895,1,726,1,1,1,32,1,32,1
292,1869100,4467,9545,28.988905,,0,11,8,96,33638,13366,29866,1835462,16,227,60,1,26891,1,40,1,256581,1,157642,1,115040,1,1268207,1,11001,1,111503,1,11893,4,300786,4,78891,4,247524,4,473546,8,643052,96,48152,36,3026,1,24988,1,2685,1,0,0,0,0,0,0,0,0,109149,1,31550,1,4378,1,6543,1,50877,1,171238,1,27623,1,3637,1,5531,1,30558,1,69794,1,16333,1,233,1,9545,1,4467,1,16566,1,9545,1,48,1,1240,1,1,1,0,1,4503,1,5042,1,0,1,0,0,214894,1,407682,1,776,1,776,1,0,1,96,1,2232,1,97,1,0,1,2,1,0,1,0,1,1,1,8,1,24,1,0,1,0,1,209,1,16333,1,1,1,1,1,2987,1,60192,1,8,1,8,1,0,1,107566,1,97,1,14141,1,825,1,114648,1,16648,1,1,1,32,1,32,1
293,1961300,4467,9545,28.988905,,0,11,8,96,34473,14127,30689,1926827,16,227,80,1,36440,1,80,1,308921,1,157702,1,136120,1,1275791,1,11692,1,117345,1,13345,4,338458,4,79332,4,239318,4,442397,8,603264,96,47761,36,3016,1,25739,1,2715,1,0,0,0,0,0,0,0,0,105522,1,33163,1,4959,1,7905,1,66487,1,200203,1,33785,1,4268,1,6322,1,30198,1,73982,1,16333,1,233,1,9545,1,4467,1,16566,1,9545,1,48,1,1240,1,1,1,0,1,4502,1,5042,1,1,1,0,0,211535,1,331947,1,776,1,776,1,0,1,96,1,2232,1,97,1,0,1,2,1,0,1,0,1,1,1,8,1,24,1,0,1,0,1,209,1,16333,1,1,1,1,1,5494,1,10428,1,8,1,8,1,0,1,88411,1,97,1,13315,1,2310,1,113861,1,2393,1,1,1,32,1,32,1
294,1892800,4468,9545,28.988905,,0,11,8,96,30767,8907,29456,1862033,16,227,50,1,30899,1,20,1,267271,1,157752,1,134157,1,1260973,1,10911,1,115080,1,12293,4,336564,4,79171,4,235982,4,442316,8,600179,96,48663,36,2996,1,25008,1,2655,1,0,0,0,0,0,0,0,0,105903,1,33614,1,4939,1,6442,1,55747,1,172159,1,32632,1,4148,1,6352,1,30839,1,71557,1,16328,1,240,1,9545,1,4468,1,16568,1,9545,1,48,1,1240,1,1,1,0,1,4503,1,5042,1,0,1,0,0,210854,1,302610,1,776,1,776,1,0,1,96,1,2244,1,97,1,0,1,2,1,0,1,0,1,1,1,8,1,24,1,0,1,0,1,216,1,16328,1,0,1,0,1,2294,1,594,1,8,1,8,1,0,1,76434,1,97,1,13283,1,396,1,115126,1,594,1,1,1,32,1,32,1
295,1828700,4467,9545,28.988905,,0,11,8,96,31441,9057,28353,1797259,16,227,60,1,26541,1,60,1,256701,1,158343,1,114319,1,1229924,1,11312,1,117164,1,12053,4,301477,4,79242,4,238436,4,441866,8,603736,96,48212,36,3026,1,24928,1,2675,1,0,0,0,0,0,0,0,0,108478,1,32612,1,4388,1,6142,1,50156,1,172129,1,28054,1,3467,1,5611,1,30999,1,74844,1,16333,1,233,1,9545,1,4467,1,16566,1,9545,1,48,1,1240,1,1,1,0,1,4502,1,5042,1,1,1,0,0,210917,1,379533,1,776,1,776,1,0,1,96,1,2232,1,97,1,0,1,2,1,0,1,0,1,1,1,8,1,24,1,0,1,0,1,209,1,16333,1,0,1,0,1,2525,1,57519,1,8,1,8,1,0,1,107733,1,97,1,14075,1,6468,1,115819,1,14635,1,1,1,32,1,32,1
296,1944900,4467,9545,28.988905,,0,11,8,96,32410,13785,30850,1912490,16,227,100,1,30548,1,20,1,287520,1,166599,1,138685,1,1276863,1,12153,1,114329,1,12273,4,340662,4,86235,4,234459,4,443009,8,600590,96,46028,36,3066,1,26340,1,2705,1,0,0,0,0,0,0,0,0,113116,1,34456,1,4990,1,7294,1,60035,1,182720,1,37031,1,4448,1,6292,1,30759,1,70475,1,16335,1,233,1,9545,1,4467,1,16568,1,9545,1,48,1,1240,1,1,1,0,1,4503,1,5042,1,0,1,0,0,210476,1,333465,1,776,1,776,1,0,1,96,1,2232,1,97,1,0,1,2,1,0,1,0,1,1,1,8,1,24,1,0,1,0,1,209,1,16335,1,1,1,0,1,5461,1,61116,1,8,1,8,1,0,1,86468,1,97,1,12919,1,2112,1,111683,1,14751,1,1,1,32,1,32,1
297,1863700,4468,9545,28.988905,,0,11,8,96,30452,8947,29005,1833248,16,227,30,1,30568,1,60,1,272501,1,159195,1,123476,1,1236536,1,10881,1,109730,1,12223,4,323930,4,78781,4,235070,4,437577,8,595801,96,47841,36,2966,1,24707,1,2605,1,0,0,0,0,0,0,0,0,108708,1,32993,1,4589,1,6953,1,57260,1,171558,1,36510,1,3938,1,5991,1,30548,1,67189,1,16329,1,240,1,9545,1,4468,1,16569,1,9545,1,48,1,1240,1,1,1,0,1,4503,1,5042,1,0,1,0,0,208108,1,288057,1,776,1,776,1,0,1,96,1,2244,1,97,1,0,1,2,1,0,1,0,1,1,1,8,1,24,1,0,1,0,1,216,1,16329,1,0,1,0,1,2492,1,60522,1,8,1,8,1,0,1,76590,1,97,1,13398,1,5841,1,112155,1,15675,1,1,1,32,1,32,1
298,1804200,4467,9545,28.988905,,0,11,8,96,30666,8897,28413,1773534,16,227,70,1,26541,1,30,1,250910,1,148224,1,115110,1,1221768,1,10881,1,112796,1,11943,4,300756,4,78941,4,235691,4,441845,8,601092,96,48032,36,3557,1,24757,1,2585,1,0,0,0,0,0,0,0,0,99691,1,31861,1,4358,1,6192,1,48533,1,168252,1,27693,1,3637,1,5591,1,30929,1,70725,1,16334,1,233,1,9545,1,4467,1,16567,1,9545,1,48,1,1240,1,1,1,0,1,4502,1,5042,1,1,1,0,0,211624,1,340296,1,776,1,776,1,0,1,96,1,2232,1,97,1,0,1,2,1,0,1,0,1,1,1,8,1,24,1,0,1,0,1,209,1,16334,1,0,1,0,1,2756,1,5214,1,8,1,8,1,0,1,79474,1,97,1,13481,1,5907,1,114631,1,742,1,1,1,32,1,32,1
299,1941000,4467,9545,28.988905,,0,11,8,96,50613,14368,31609,1890387,16,227,130,1,31180,1,60,1,288071,1,156229,1,130349,1,1273547,1,10821,1,112004,1,12314,4,336764,4,79702,4,239689,4,447086,8,608576,96,46589,36,3066,1,25859,1,2695,1,0,0,0,0,0,0,0,0,104009,1,33133,1,4980,1,6843,1,57710,1,188461,1,34466,1,3998,1,6022,1,30368,1,69223,1,16333,1,233,1,9545,1,4467,1,16566,1,9545,1,48,1,1240,1,1,1,0,1,4503,1,5042,1,0,1,0,0,213798,1,359370,1,776,1,776,1,0,1,96,1,2232,1,97,1,0,1,2,1,0,1,0,1,1,1,8,1,24,1,0,1,0,1,209,1,16333,1,1,1,0,1,15329,1,5214,1,8,1,8,1,0,1,91184,1,97,1,13464,1,5478,1,111788,1,1567,1,1,1,32,1,32,1
300,1872000,4467,9545,28.988905,,0,11,8,96,31749,13295,29134,1840251,16,227,50,1,31059,1,20,1,266590,1,157872,1,126121,1,1247627,1,10911,1,111874,1,12033,4,320143,4,79011,4,236002,4,444501,8,602755,96,48613,36,3016,1,25068,1,2685,1,0,0,0,0,0,0,0,0,104690,1,34937,1,4959,1,6502,1,54294,1,171919,1,33584,1,4008,1,5681,1,30518,1,69433,1,16333,1,233,1,9545,1,4467,1,16566,1,9545,1,48,1,1240,1,1,1,0,1,4503,1,5042,1,0,1,0,0,209778,1,332904,1,776,1,776,1,0,1,96,1,2232,1,97,1,0,1,2,1,0,1,0,1,1,1,8,1,24,1,0,1,0,1,209,1,16333,1,1,1,1,1,2987,1,19371,1,8,1,8,1,0,1,92193,1,97,1,13184,1,6897,1,114483,1,2475,1,1,1,32,1,32,1
301,1810900,4468,9545,28.988905,,0,11,8,96,30894,8868,29547,1780006,16,227,60,1,26631,1,30,1,255228,1,157291,1,112746,1,1217109,1,10911,1,109690,1,11903,4,300315,4,78951,4,233417,4,442407,8,597824,96,48452,36,2935,1,25950,1,2675,1,0,0,0,0,0,0,0,0,106864,1,33264,1,4378,1,6112,1,49164,1,171448,1,28224,1,3437,1,5621,1,30849,1,67760,1,16327,1,240,1,9545,1,4468,1,16567,1,9545,1,48,1,1240,1,1,1,0,1,4503,1,5042,1,0,1,0,0,212272,1,322179,1,776,1,776,1,0,1,96,1,2244,1,97,1,0,1,2,1,0,1,0,1,1,1,8,1,24,1,0,1,0,1,216,1,16327,1,0,1,0,1,2261,1,26367,1,8,1,8,1,0,1,85712,1,97,1,13349,1,1287,1,114318,1,2475,1,1,1,32,1,32,1
302,1820400,4467,9545,28.988905,,0,11,8,96,30545,8847,28724,1789855,16,227,70,1,26761,1,20,1,254607,1,150007,1,114910,1,1232358,1,11121,1,111974,1,12404,4,301918,4,79302,4,238526,4,447677,8,609077,96,48402,36,3046,1,25980,1,2685,1,0,0,0,0,0,0,0,0,100903,1,31841,1,4358,1,6182,1,49194,1,171107,1,27873,1,3456,1,5671,1,31079,1,69743,1,16333,1,233,1,9545,1,4467,1,16566,1,9545,1,48,1,1240,1,1,1,0,1,4503,1,5042,1,0,1,0,0,212581,1,360228,1,776,1,776,1,0,1,96,1,2232,1,97,1,0,1,2,1,0,1,0,1,1,1,8,1,24,1,0,1,0,1,209,1,16333,1,0,1,0,1,2327,1,693,1,8,1,8,1,0,1,103731,1,97,1,13613,1,1089,1,113922,1,693,1,1,1,32,1,32,1
303,1847500,4467,9545,28.988905,,0,11,8,96,30593,13426,30408,1816907,16,227,50,1,26641,1,60,1,253395,1,159756,1,113217,1,1252557,1,11231,1,111794,1,12143,4,301968,4,79001,4,238516,4,465210,8,623353,96,49965,36,3066,1,24787,1,2645,1,0,0,0,0,0,0,0,0,108458,1,33955,1,4398,1,6222,1,49064,1,170095,1,27733,1,4018,1,5521,1,30889,1,69283,1,16333,1,233,1,9545,1,4467,1,16566,1,9545,1,48,1,1240,1,1,1,0,1,4503,1,5042,1,0,1,0,0,213809,1,376728,1,776,1,776,1,0,1,96,1,2232,1,97,1,0,1,2,1,0,1,0,1,1,1,8,1,24,1,0,1,0,1,209,1,16333,1,1,1,1,1,1832,1,59136,1,8,1,8,1,0,1,105077,1,97,1,13415,1,5445,1,116710,1,13662,1,1,1,32,1,32,1
304,1820000,4467,9545,28.988905,,0,11,8,96,30355,13436,29134,1789645,16,227,40,1,26691,1,30,1,253525,1,154145,1,115421,1,1228481,1,11312,1,111002,1,11793,4,301367,4,79182,4,235340,4,446164,8,604298,96,48072,36,2996,1,24577,1,2625,1,0,0,0,0,0,0,0,0,104871,1,32061,1,4408,1,6162,1,49214,1,169995,1,27833,1,3837,1,5741,1,30759,1,68661,1,16333,1,233,1,9545,1,4467,1,16566,1,9545,1,48,1,1240,1,1,1,0,1,4503,1,5042,1,0,1,0,0,208008,1,368016,1,776,1,776,1,0,1,96,1,2232,1,97,1,0,1,2,1,0,1,0,1,1,1,8,1,24,1,0,1,0,1,209,1,16333,1,1,1,1,1,1898,1,44418,1,8,1,8,1,0,1,89802,1,97,1,13349,1,3003,1,112717,1,15757,1,1,1,32,1,32,1
305,1815400,4467,9545,28.988905,,0,11,8,96,30995,12995,28494,1784405,16,227,50,1,26751,1,50,1,252233,1,151560,1,113437,1,1229423,1,10901,1,111293,1,12083,4,301707,4,79021,4,237705,4,444230,8,604698,96,48743,36,3006,1,24707,1,2675,1,0,0,0,0,0,0,0,0,102927,1,31791,1,4368,1,6072,1,48984,1,169324,1,27573,1,4108,1,5501,1,30939,1,68832,1,16334,1,233,1,9545,1,4467,1,16567,1,9545,1,48,1,1240,1,1,1,0,1,4503,1,5042,1,0,1,0,0,213558,1,327822,1,776,1,776,1,0,1,96,1,2232,1,97,1,0,1,2,1,0,1,0,1,1,1,8,1,24,1,0,1,0,1,209,1,16334,1,1,1,0,1,1964,1,12045,1,8,1,8,1,0,1,86535,1,97,1,13481,1,5676,1,114730,1,1501,1,1,1,32,1,32,1
306,1816200,4467,9545,28.988905,,0,11,8,96,30573,13225,29176,1785627,16,227,40,1,26611,1,60,1,252523,1,151730,1,113778,1,1230024,1,10861,1,112525,1,11913,4,301587,4,79001,4,234759,4,446815,8,604247,96,48152,36,2986,1,24547,1,2665,1,0,0,0,0,0,0,0,0,102496,1,32292,1,4368,1,6162,1,48813,1,169274,1,28034,1,4078,1,5480,1,30889,1,70124,1,16334,1,233,1,9545,1,4467,1,16567,1,9545,1,48,1,1240,1,1,1,0,1,4503,1,5042,1,0,1,0,0,217305,1,369600,1,776,1,776,1,0,1,96,1,2232,1,97,1,0,1,2,1,0,1,0,1,1,1,8,1,24,1,0,1,0,1,209,1,16334,1,1,1,1,1,2525,1,9372,1,8,1,8,1,0,1,93492,1,97,1,13679,1,363,1,115159,1,940,1,1,1,32,1,32,1
307,1889600,4467,9545,28.988905,,0,11,8,96,32166,13195,33472,1857434,16,227,10,1,26641,1,40,1,250590,1,156429,1,113207,1,1299346,1,11171,1,109990,1,12774,4,305755,4,80805,4,257192,4,484958,8,656018,96,52661,36,6001,1,25880,1,2795,1,0,0,0,0,0,0,0,0,107065,1,32222,1,4398,1,6172,1,48944,1,167160,1,28014,1,3968,1,5541,1,30839,1,67710,1,16334,1,233,1,9545,1,4467,1,16567,1,9545,1,48,1,1240,1,1,1,0,1,4502,1,5042,1,1,1,0,0,233319,1,354750,1,776,1,776,1,0,1,96,1,2232,1,97,1,0,1,2,1,0,1,0,1,1,1,8,1,24,1,0,1,0,1,209,1,16334,1,1,1,1,1,2492,1,49467,1,8,1,8,1,0,1,94134,1,97,1,13250,1,6138,1,131115,1,15790,1,1,1,32,1,32,1
308,1899600,4468,9545,28.988905,,0,11,8,96,30594,9077,34013,1869006,16,227,60,1,26441,1,40,1,253565,1,169304,1,115090,1,1293485,1,11021,1,111724,1,12554,4,303681,4,81817,4,249497,4,491561,8,652932,96,54114,36,6102,1,24807,1,2665,1,0,0,0,0,0,0,0,0,118437,1,33654,1,4398,1,6312,1,49374,1,169384,1,28184,1,3226,1,5571,1,30619,1,70305,1,16328,1,240,1,9545,1,4468,1,16568,1,9545,1,48,1,1240,1,1,1,0,1,4502,1,5042,1,1,1,0,0,218556,1,306966,1,776,1,776,1,0,1,96,1,2244,1,97,1,0,1,2,1,0,1,0,1,1,1,8,1,24,1,0,1,0,1,216,1,16328,1,0,1,0,1,2129,1,62238,1,8,1,8,1,0,1,82013,1,97,1,13151,1,1419,1,116133,1,16153,1,1,1,32,1,32,1
309,1837300,4467,9545,28.988905,,0,11,8,96,30332,9017,30147,1806968,16,227,70,1,26491,1,40,1,254928,1,158523,1,114920,1,1241005,1,10991,1,117154,1,12153,4,301707,4,78530,4,247534,4,444311,8,613535,96,48162,36,3066,1,24838,1,2695,1,0,0,0,0,0,0,0,0,108858,1,32172,1,4398,1,6222,1,49485,1,170877,1,28044,1,3206,1,5581,1,30849,1,75274,1,16332,1,233,1,9545,1,4467,1,16565,1,9545,1,48,1,1240,1,1,1,0,1,4503,1,5042,1,0,1,0,0,212714,1,388146,1,776,1,776,1,0,1,96,1,2232,1,97,1,0,1,2,1,0,1,0,1,1,1,8,1,24,1,0,1,0,1,209,1,16332,1,0,1,0,1,1865,1,57222,1,8,1,8,1,0,1,103379,1,97,1,14372,1,1518,1,115224,1,13843,1,1,1,32,1,32,1
310,1816500,4467,9545,28.988905,,0,11,8,96,30883,13306,28674,1785617,16,227,70,1,26721,1,30,1,254166,1,157592,1,115531,1,1220506,1,11001,1,108938,1,12253,4,301727,4,79262,4,234980,4,439671,8,597765,96,48212,36,3025,1,24647,1,2695,1,0,0,0,0,0,0,0,0,107766,1,32552,1,4428,1,6302,1,49034,1,170707,1,27843,1,3978,1,5571,1,31039,1,66397,1,16332,1,233,1,9545,1,4467,1,16565,1,9545,1,48,1,1240,1,1,1,0,1,4503,1,5042,1,0,1,0,0,213577,1,331914,1,776,1,776,1,0,1,96,1,2232,1,97,1,0,1,2,1,0,1,0,1,1,1,8,1,24,1,0,1,0,1,209,1,16332,1,1,1,1,1,2393,1,53955,1,8,1,8,1,0,1,79371,1,97,1,13745,1,990,1,114499,1,13744,1,1,1,32,1,32,1
311,1843200,4467,9545,28.988905,,0,11,8,96,30642,13276,28845,1812558,16,227,60,1,26571,1,20,1,252493,1,179353,1,113427,1,1229342,1,11292,1,110782,1,11793,4,301567,4,79151,4,238336,4,444090,8,605008,96,48573,36,2986,1,24647,1,2715,1,0,0,0,0,0,0,0,0,129899,1,32011,1,4398,1,6162,1,49084,1,168903,1,28054,1,3526,1,5511,1,30017,1,69763,1,16333,1,233,1,9545,1,4467,1,16566,1,9545,1,48,1,1240,1,1,1,0,1,4502,1,5042,1,1,1,0,0,217023,1,354585,1,776,1,776,1,0,1,96,1,2232,1,97,1,0,1,2,1,0,1,0,1,1,1,8,1,24,1,0,1,0,1,209,1,16333,1,1,1,0,1,2178,1,76857,1,8,1,8,1,0,1,93795,1,97,1,14141,1,2112,1,114598,1,16071,1,1,1,32,1,32,1
312,1820100,4468,9545,28.988905,,0,11,8,96,30796,8916,28986,1789304,16,227,40,1,26801,1,20,1,253074,1,156189,1,113357,1,1228861,1,10961,1,115782,1,12434,4,302329,4,79652,4,237024,4,441836,8,601622,96,48252,36,2976,1,25278,1,2635,1,0,0,0,0,0,0,0,0,104961,1,34145,1,4358,1,6142,1,49274,1,169404,1,28004,1,3437,1,5651,1,30859,1,73791,1,16326,1,240,1,9545,1,4468,1,16566,1,9545,1,48,1,1240,1,1,1,0,1,4501,1,5042,1,2,1,0,0,211278,1,344223,1,776,1,776,1,0,1,96,1,2244,1,97,1,0,1,2,1,0,1,0,1,1,1,8,1,24,1,0,1,0,1,216,1,16326,1,0,1,0,1,2261,1,24387,1,8,1,8,1,0,1,97212,1,97,1,13844,1,7095,1,114499,1,2821,1,1,1,32,1,32,1
313,1806000,4467,9545,28.988905,,0,11,8,96,30002,9017,28524,1775998,16,227,20,1,26781,1,40,1,253495,1,148855,1,113237,1,1222660,1,10911,1,112275,1,11702,4,301697,4,78711,4,236122,4,442136,8,601371,96,48363,36,3006,1,25338,1,2655,1,0,0,0,0,0,0,0,0,100703,1,30859,1,4469,1,6102,1,49525,1,169554,1,28074,1,3567,1,5561,1,30879,1,70284,1,16332,1,233,1,9545,1,4467,1,16565,1,9545,1,48,1,1240,1,1,1,0,1,4503,1,5042,1,0,1,0,0,210554,1,335940,1,776,1,776,1,0,1,96,1,2232,1,97,1,0,1,2,1,0,1,0,1,1,1,8,1,24,1,0,1,0,1,209,1,16332,1,0,1,0,1,1931,1,5775,1,8,1,8,1,0,1,89619,1,97,1,13646,1,5214,1,115539,1,759,1,1,1,32,1,32,1
314,1878600,4467,9545,28.988905,,0,11,8,96,32592,13355,32081,1846008,16,227,40,1,27503,1,40,1,253986,1,150057,1,114629,1,1288751,1,11001,1,111293,1,11983,4,301517,4,81225,4,248856,4,480495,8,645731,96,51539,36,6272,1,30378,1,3376,1,0,0,0,0,0,0,0,0,100783,1,32212,1,4378,1,6282,1,49124,1,170306,1,28034,1,3817,1,5561,1,31089,1,68822,1,16332,1,233,1,9545,1,4467,1,16565,1,9545,1,48,1,1240,1,1,1,0,1,4502,1,5042,1,1,1,0,0,213435,1,334719,1,775,1,776,1,0,1,96,1,2232,1,97,1,0,1,2,1,0,1,0,1,1,1,8,1,24,1,0,1,0,1,209,1,16332,1,1,1,1,1,2228,1,5742,1,8,1,8,1,0,1,86143,1,97,1,13497,1,3663,1,114762,1,1122,1,1,1,32,1,32,1
315,2022600,4467,9545,28.988905,,0,11,8,96,37882,9639,34073,1984718,16,227,110,1,31069,1,30,1,254848,1,174774,1,113778,1,1399979,1,10129,1,116042,1,13095,4,304232,4,81185,4,260869,4,556695,8,731873,96,51618,36,6182,1,48232,1,3807,1,0,0,0,0,0,0,0,0,120941,1,36430,1,4418,1,6983,1,49415,1,169685,1,28474,1,3887,1,5541,1,30548,1,73992,1,16339,1,227,1,9545,1,4467,1,16566,1,9545,1,48,1,1240,1,1,1,0,1,4501,1,5042,1,2,1,0,0,239898,1,495594,1,775,1,775,1,0,1,96,1,2256,1,97,1,0,1,2,1,0,1,0,1,1,1,8,1,24,1,0,1,0,1,203,1,16339,1,0,1,0,1,2195,1,64383,1,8,1,8,1,0,1,121278,1,97,1,14207,1,1485,1,128851,1,14470,1,1,1,32,1,32,1
316,1897100,4467,9545,28.988905,,0,11,8,96,31891,12574,30827,1865209,16,227,140,1,27443,1,70,1,264396,1,166659,1,116543,1,1279027,1,10931,1,113978,1,11552,4,310174,4,79592,4,247103,4,463206,8,632252,96,47230,36,4459,1,33073,1,3316,1,0,0,0,0,0,0,0,0,112305,1,35578,1,4939,1,8085,1,52510,1,174925,1,28104,1,3747,1,5060,1,30418,1,72609,1,16340,1,227,1,9545,1,4467,1,16567,1,9545,1,48,1,1240,1,1,1,0,1,4503,1,5042,1,0,1,0,0,208706,1,347292,1,776,1,776,1,0,1,96,1,2256,1,97,1,0,1,2,1,0,1,0,1,1,1,8,1,24,1,0,1,0,1,203,1,16340,1,1,1,0,1,5033,1,9438,1,8,1,8,1,0,1,90080,1,97,1,13712,1,5907,1,113641,1,2343,1,1,1,32,1,32,1
317,2000000,4467,9545,28.988905,,0,11,8,96,31684,12204,30658,1968316,16,227,60,1,26942,1,70,1,270808,1,199993,1,133295,1,1326098,1,11051,1,136601,1,12273,4,338217,4,79262,4,253986,4,459630,8,635356,96,47601,36,3917,1,27192,1,2815,1,0,0,0,0,0,0,0,0,147773,1,33704,1,4959,1,7374,1,55396,1,174414,1,33364,1,4148,1,6062,1,30899,1,93208,1,16338,1,227,1,9545,1,4467,1,16565,1,9545,1,48,1,1240,1,1,1,0,1,4503,1,5042,1,0,1,0,0,211327,1,410058,1,776,1,776,1,0,1,96,1,2256,1,97,1,0,1,2,1,0,1,0,1,1,1,8,1,24,1,0,1,0,1,203,1,16338,1,1,1,0,1,2096,1,69762,1,8,1,8,1,0,1,103824,1,97,1,14108,1,9933,1,114532,1,15807,1,1,1,32,1,32,1
318,2159200,4467,9545,28.988905,,0,11,8,96,32626,11542,38732,2126574,16,227,70,1,26701,1,20,1,261741,1,165156,1,115982,1,1545062,1,11843,1,132028,1,13596,4,441294,4,83309,4,284174,4,533311,8,725911,96,52841,36,6252,1,36279,1,3276,1,0,0,0,0,0,0,0,0,115361,1,32733,1,4388,1,6693,1,52220,1,173873,1,28715,1,3577,1,5440,1,30689,1,89847,1,16339,1,227,1,9545,1,4467,1,16566,1,9545,1,48,1,1240,1,1,1,0,1,4502,1,5042,1,1,1,0,0,237800,1,433373,1,774,1,774,1,0,1,96,1,2256,1,97,1,0,1,2,1,0,1,0,1,1,1,8,1,24,1,0,1,0,1,203,1,16339,1,1,1,0,1,2327,1,18711,1,8,1,8,1,0,1,122008,1,97,1,18628,1,7260,1,137115,1,3547,1,1,1,32,1,32,1
319,2574300,4467,9545,28.988905,,0,11,8,96,38768,25699,37181,2535532,16,227,691,1,33454,1,40,1,317057,1,194783,1,317968,1,1660367,1,11171,1,190595,1,16091,4,469208,4,101324,4,292600,4,526257,8,726822,96,54854,36,3126,1,32773,1,2695,1,0,0,0,0,0,0,0,0,120010,1,38143,1,6553,1,9899,1,71076,1,192368,1,42952,1,8917,1,13726,1,42071,1,120801,1,16339,1,227,1,9545,1,4467,1,16566,1,9545,1,48,1,1240,1,1,1,0,1,4502,1,5042,1,1,1,0,0,234942,1,509553,1,776,1,776,1,0,1,96,1,2256,1,97,1,0,1,2,1,0,1,0,1,1,1,8,1,24,1,0,1,0,1,203,1,16339,1,1,1,1,1,5033,1,73491,1,8,1,8,1,0,1,143452,1,97,1,15362,1,10329,1,132434,1,17869,1,1,1,32,1,32,1
320,1878100,4468,9545,28.988905,,0,11,8,96,30915,8957,30959,1847185,16,227,40,1,26922,1,50,1,265328,1,164144,1,115150,1,1264680,1,10871,1,115481,1,12334,4,300756,4,78811,4,248365,4,468627,8,638062,96,47972,36,2986,1,25709,1,2655,1,0,0,0,0,0,0,0,0,113888,1,32973,1,4338,1,7805,1,51719,1,177229,1,28314,1,3517,1,5641,1,30719,1,73581,1,16336,1,231,1,9545,1,4468,1,16567,1,9545,1,48,1,1240,1,1,1,0,1,4501,1,5042,1,2,1,0,0,210407,1,372372,1,776,1,776,1,0,1,96,1,2256,1,97,1,0,1,2,1,0,1,0,1,1,1,8,1,24,1,0,1,0,1,207,1,16336,1,0,1,0,1,1766,1,10857,1,8,1,8,1,0,1,107519,1,97,1,13580,1,6567,1,115192,1,874,1,1,1,32,1,32,1
321,2034400,4468,9545,28.98891,,0,11,8,96,33371,12765,34384,2001029,16,227,80,1,27112,1,40,1,263775,1,171699,1,114710,1,1411782,1,11833,1,128926,1,13075,4,315123,4,80504,4,279345,4,535956,8,729848,96,51068,36,6022,1,37201,1,2865,1,0,0,0,0,0,0,0,0,120260,1,33414,1,4418,1,7805,1,51709,1,175937,1,28024,1,3757,1,5561,1,30438,1,86996,1,16337,1,231,1,9545,1,4468,1,16568,1,9545,1,48,1,1240,1,1,1,0,1,4503,1,5042,1,0,1,0,0,218957,1,476751,1,776,1,776,1,0,1,96,1,2256,1,97,1,0,1,2,1,0,1,0,1,1,1,8,1,24,1,0,1,0,1,207,1,16337,1,1,1,0,1,2228,1,68178,1,8,1,8,1,0,1,116351,1,97,1,13943,1,10659,1,116940,1,17341,1,1,1,32,1,32,1
322,1940700,4468,9545,28.988914,,0,11,8,96,36035,11882,30919,1904665,16,227,230,1,27883,1,70,1,268975,1,178762,1,118547,1,1299146,1,11051,1,115711,1,12534,4,302339,4,78701,4,243596,4,486050,8,650876,96,47852,36,5521,1,39035,1,3777,1,0,0,0,0,0,0,0,0,122384,1,37382,1,4459,1,9268,1,54825,1,175456,1,28965,1,3637,1,4869,1,30579,1,74372,1,16335,1,231,1,9545,1,4468,1,16566,1,9545,1,48,1,1240,1,1,1,0,1,4499,1,5042,1,4,1,0,0,210390,1,371283,1,776,1,776,1,0,1,96,1,2256,1,97,1,0,1,2,1,0,1,0,1,1,1,8,1,24,1,0,1,0,1,207,1,16335,1,1,1,0,1,2921,1,49995,1,8,1,8,1,0,1,97536,1,97,1,13910,1,3234,1,113773,1,16219,1,1,1,32,1,32,1
323,1990000,4468,9545,28.988914,,0,11,8,96,32574,12214,30067,1957426,16,227,120,1,29366,1,40,1,290426,1,202417,1,156990,1,1266904,1,11161,1,128816,1,12464,4,316876,4,79282,4,235801,4,449109,8,606832,96,48012,36,3356,1,26280,1,2705,1,0,0,0,0,0,0,0,0,145579,1,36069,1,5711,1,9458,1,62580,1,177981,1,40097,1,4539,1,6833,1,31069,1,83770,1,16334,1,231,1,9545,1,4468,1,16565,1,9545,1,48,1,1240,1,1,1,0,1,4503,1,5042,1,0,1,0,0,211498,1,328878,1,776,1,776,1,0,1,96,1,2256,1,97,1,0,1,2,1,0,1,0,1,1,1,8,1,24,1,0,1,0,1,207,1,16334,1,1,1,0,1,2558,1,65967,1,8,1,8,1,0,1,79305,1,97,1,13844,1,1155,1,114549,1,12787,1,1,1,32,1,32,1
324,1959300,4467,9545,28.988914,,0,11,8,96,32944,9429,32362,1926356,16,227,50,1,27202,1,30,1,259677,1,155257,1,115130,1,1357387,1,11622,1,112024,1,12734,4,304102,4,78861,4,269255,4,534924,8,723686,96,48131,36,3356,1,29947,1,2755,1,0,0,0,0,0,0,0,0,105211,1,32933,1,4378,1,7655,1,51789,1,171408,1,28535,1,3437,1,5641,1,31079,1,69854,1,16337,1,227,1,9545,1,4467,1,16564,1,9545,1,48,1,1240,1,1,1,0,1,4502,1,5042,1,1,1,0,0,219417,1,551661,1,775,1,775,1,0,1,96,1,2256,1,97,1,0,1,2,1,0,1,0,1,1,1,8,1,24,1,0,1,0,1,203,1,16337,1,0,1,0,1,1931,1,9339,1,8,1,8,1,0,1,141214,1,97,1,13349,1,6435,1,125504,1,2145,1,1,1,32,1,32,1
325,2100200,4467,9545,28.988914,,0,11,8,96,36060,12284,31270,2064140,16,227,50,1,27933,1,60,1,263184,1,192148,1,115802,1,1453662,1,11302,1,131682,1,13686,4,379887,4,82177,4,264226,4,514545,8,698136,96,49364,36,6783,1,43754,1,4639,1,0,0,0,0,0,0,0,0,136331,1,37852,1,4459,1,7735,1,51649,1,174885,1,28555,1,3737,1,5621,1,30298,1,89311,1,16338,1,227,1,9545,1,4467,1,16565,1,9545,1,48,1,1240,1,1,1,0,1,4503,1,5042,1,0,1,0,0,217152,1,430584,1,776,1,776,1,0,1,96,1,2256,1,97,1,0,1,2,1,0,1,0,1,1,1,8,1,24,1,0,1,0,1,203,1,16338,1,1,1,0,1,3069,1,96822,1,8,1,8,1,0,1,98512,1,97,1,16566,1,5181,1,118854,1,16747,1,1,1,32,1,32,1
326,1956900,4467,9545,28.988914,,0,11,8,96,34401,11312,30758,1922499,16,227,60,1,34706,1,50,1,342125,1,173612,1,116172,1,1244511,1,11262,1,110872,1,11973,4,309031,4,78360,4,239879,4,450662,8,612392,96,47391,36,3497,1,26240,1,2685,1,0,0,0,0,0,0,0,0,122915,1,32773,1,4378,1,10791,1,77298,1,205263,1,48523,1,3737,1,5320,1,30619,1,69132,1,16340,1,227,1,9545,1,4467,1,16567,1,9545,1,48,1,1240,1,1,1,0,1,4501,1,5042,1,2,1,0,0,213437,1,316701,1,776,1,776,1,0,1,96,1,2256,1,97,1,0,1,2,1,0,1,0,1,1,1,8,1,24,1,0,1,0,1,203,1,16340,1,1,1,0,1,4010,1,50490,1,8,1,8,1,0,1,88782,1,97,1,13316,1,3597,1,112750,1,16846,1,1,1,32,1,32,1
327,1842300,4467,9545,28.988914,,0,11,8,96,30142,13145,29798,1812158,16,227,40,1,26771,1,30,1,257132,1,156269,1,116713,1,1244201,1,11001,1,110641,1,11973,4,302369,4,78921,4,237745,4,456303,8,617111,96,47140,36,3477,1,26922,1,2705,1,0,0,0,0,0,0,0,0,107085,1,32382,1,4368,1,7214,1,51418,1,170366,1,27853,1,3757,1,5551,1,30679,1,68711,1,16341,1,227,1,9545,1,4467,1,16568,1,9545,1,48,1,1240,1,1,1,0,1,4503,1,5042,1,0,1,0,0,207075,1,327261,1,776,1,776,1,0,1,96,1,2256,1,97,1,0,1,2,1,0,1,0,1,1,1,8,1,24,1,0,1,0,1,203,1,16341,1,1,1,0,1,2228,1,26664,1,8,1,8,1,0,1,85530,1,97,1,13283,1,990,1,113278,1,2491,1,1,1,32,1,32,1
328,1939100,4467,9545,28.988914,,0,11,8,96,34085,13496,31218,1905015,16,227,40,1,26962,1,30,1,256351,1,190855,1,117104,1,1301881,1,11793,1,119889,1,12554,4,310885,4,79572,4,253195,4,473907,8,648112,96,47771,36,3537,1,32101,1,2745,1,0,0,0,0,0,0,0,0,137553,1,35758,1,4378,1,6783,1,51098,1,169715,1,28444,1,4268,1,5541,1,30108,1,77819,1,16341,1,227,1,9545,1,4467,1,16568,1,9545,1,48,1,1240,1,1,1,0,1,4503,1,5042,1,0,1,0,0,209619,1,410256,1,775,1,775,1,0,1,96,1,2256,1,97,1,0,1,2,1,0,1,0,1,1,1,8,1,24,1,0,1,0,1,203,1,16341,1,1,1,1,1,13052,1,97944,1,8,1,8,1,0,1,102182,1,97,1,13745,1,1452,1,113475,1,15724,1,1,1,32,1,32,1
329,2020500,4467,9545,28.988914,,0,11,8,96,32075,13867,32031,1988425,16,227,50,1,27713,1,90,1,260939,1,162671,1,143915,1,1381854,1,11191,1,124689,1,12434,4,383694,4,79212,4,256080,4,477894,8,654343,96,47601,36,3677,1,27513,1,2795,1,0,0,0,0,0,0,0,0,108417,1,35267,1,5280,1,7605,1,52781,1,172200,1,28054,1,4348,1,6583,1,30919,1,80504,1,16341,1,227,1,9545,1,4467,1,16568,1,9545,1,48,1,1240,1,1,1,0,1,4503,1,5042,1,0,1,0,0,211559,1,392700,1,776,1,776,1,0,1,96,1,2256,1,97,1,0,1,2,1,0,1,0,1,1,1,8,1,24,1,0,1,0,1,203,1,16341,1,1,1,1,1,2426,1,759,1,8,1,8,1,0,1,105706,1,97,1,13811,1,6039,1,115423,1,759,1,1,1,32,1,32,1
330,1859300,4467,9545,28.988914,,0,11,8,96,32484,13165,30277,1826816,16,227,30,1,26962,1,30,1,258044,1,156710,1,116663,1,1257416,1,10961,1,112725,1,11993,4,311165,4,79462,4,237164,4,458808,8,614387,96,51308,36,3537,1,26691,1,2705,1,0,0,0,0,0,0,0,0,105853,1,33885,1,4378,1,6663,1,51919,1,170867,1,28284,1,3747,1,5581,1,30999,1,70455,1,16341,1,227,1,9545,1,4467,1,16568,1,9545,1,48,1,1240,1,1,1,0,1,4503,1,5042,1,0,1,0,0,228292,1,351252,1,776,1,776,1,0,1,96,1,2256,1,97,1,0,1,2,1,0,1,0,1,1,1,8,1,24,1,0,1,0,1,203,1,16341,1,1,1,1,1,2657,1,9009,1,8,1,8,1,0,1,94075,1,97,1,13679,1,5709,1,125043,1,1732,1,1,1,32,1,32,1
331,2027900,4467,9545,28.988914,,0,11,8,96,34395,13406,35406,1993505,16,227,30,1,26922,1,50,1,257503,1,165847,1,117535,1,1416140,1,9478,1,134157,1,12454,4,310164,4,86065,4,276549,4,526798,8,716222,96,51719,36,5480,1,47922,1,3146,1,0,0,0,0,0,0,0,0,115200,1,33564,1,4378,1,6973,1,50978,1,171268,1,27984,1,4248,1,5571,1,30679,1,91475,1,16341,1,227,1,9545,1,4467,1,16568,1,9545,1,48,1,1240,1,1,1,0,1,4502,1,5042,1,1,1,0,0,248055,1,481965,1,776,1,776,1,0,1,96,1,2256,1,97,1,0,1,2,1,0,1,0,1,1,1,8,1,24,1,0,1,0,1,203,1,16341,1,1,1,1,1,2723,1,53361,1,8,1,8,1,0,1,128337,1,97,1,14388,1,2442,1,140188,1,15378,1,1,1,32,1,32,1
332,2396300,4467,9545,28.988914,,0,11,8,96,36064,14197,34131,2360236,16,227,230,1,29396,1,50,1,310083,1,177149,1,120160,1,1712066,1,11101,1,119649,1,14738,4,459589,4,95062,4,311917,4,634083,8,856022,96,55847,36,7735,1,49825,1,5270,1,0,0,0,0,0,0,0,0,121763,1,36510,1,4428,1,9047,1,66838,1,194001,1,39506,1,3917,1,6092,1,30689,1,76286,1,16341,1,227,1,9545,1,4467,1,16568,1,9545,1,48,1,1240,1,1,1,0,1,4503,1,5042,1,0,1,0,0,218444,1,570900,1,776,1,776,1,0,1,96,1,2256,1,97,1,0,1,2,1,0,1,0,1,1,1,8,1,24,1,0,1,0,1,203,1,16341,1,1,1,1,1,5396,1,72105,1,8,1,8,1,0,1,137123,1,97,1,13613,1,396,1,115720,1,18843,1,1,1,32,1,32,1
333,1865400,4467,9545,28.988914,,0,11,8,96,31601,13396,30356,1833799,16,227,120,1,26811,1,60,1,272772,1,156950,1,115321,1,1250783,1,10981,1,113978,1,11562,4,313279,4,79773,4,237124,4,447597,8,606292,96,48072,36,3687,1,27593,1,2795,1,0,0,0,0,0,0,0,0,105482,1,34236,1,4368,1,7244,1,53953,1,182710,1,28324,1,4067,1,5561,1,30869,1,71377,1,16341,1,227,1,9545,1,4467,1,16568,1,9545,1,48,1,1240,1,1,1,0,1,4503,1,5042,1,0,1,0,0,212997,1,304788,1,776,1,776,1,0,1,96,1,2256,1,97,1,0,1,2,1,0,1,0,1,1,1,8,1,24,1,0,1,0,1,203,1,16341,1,1,1,1,1,3185,1,18381,1,8,1,8,1,0,1,82261,1,97,1,13316,1,2013,1,114268,1,2145,1,1,1,32,1,32,1
334,1975100,4467,9545,28.988914,,0,11,8,96,31841,13265,35435,1943259,16,227,70,1,26891,1,30,1,265949,1,161419,1,114970,1,1362888,1,11041,1,113587,1,12304,4,304753,4,82828,4,274064,4,523512,8,709792,96,52350,36,3517,1,32322,1,2735,1,0,0,0,0,0,0,0,0,110382,1,33975,1,4398,1,6522,1,52170,1,178842,1,28114,1,3927,1,5521,1,31360,1,70775,1,16340,1,227,1,9545,1,4467,1,16567,1,9545,1,48,1,1240,1,1,1,0,1,4503,1,5042,1,0,1,0,0,226981,1,380457,1,776,1,776,1,0,1,96,1,2256,1,97,1,0,1,2,1,0,1,0,1,1,1,8,1,24,1,0,1,0,1,203,1,16340,1,1,1,0,1,1931,1,62997,1,8,1,8,1,0,1,101445,1,97,1,13613,1,2046,1,125117,1,15394,1,1,1,32,1,32,1
335,1980400,4467,9545,28.988914,,0,11,8,96,33384,13656,30667,1947016,16,227,120,1,26250,1,50,1,266310,1,197829,1,118457,1,1326809,1,11191,1,123096,1,12734,4,312628,4,80294,4,248646,4,484928,8,655236,96,47671,36,6122,1,40447,1,4258,1,0,0,0,0,0,0,0,0,139808,1,39265,1,4428,1,6983,1,52961,1,176838,1,29166,1,3737,1,5551,1,30929,1,80564,1,16340,1,227,1,9545,1,4467,1,16567,1,9545,1,48,1,1240,1,1,1,0,1,4502,1,5042,1,1,1,0,0,211329,1,358842,1,776,1,776,1,0,1,96,1,2256,1,97,1,0,1,2,1,0,1,0,1,1,1,8,1,24,1,0,1,0,1,203,1,16340,1,1,1,1,1,3300,1,105237,1,8,1,8,1,0,1,96254,1,97,1,12689,1,1056,1,114483,1,16747,1,1,1,32,1,32,1
336,2008700,4467,9545,28.988914,,0,11,8,96,31446,15139,30137,1977254,16,227,50,1,31681,1,30,1,312658,1,205393,1,168863,1,1247537,1,11041,1,112736,1,12033,4,312889,4,79031,4,236813,4,446825,8,605950,96,47551,36,3487,1,25819,1,2765,1,0,0,0,0,0,0,0,0,146591,1,35698,1,6282,1,8787,1,67720,1,192809,1,43092,1,4308,1,5561,1,30859,1,69994,1,16340,1,227,1,9545,1,4467,1,16567,1,9545,1,48,1,1240,1,1,1,0,1,4502,1,5042,1,1,1,0,0,210125,1,315249,1,776,1,776,1,0,1,96,1,2256,1,97,1,0,1,2,1,0,1,0,1,1,1,8,1,24,1,0,1,0,1,203,1,16340,1,1,1,1,1,2261,1,45870,1,8,1,8,1,0,1,86384,1,97,1,13382,1,1518,1,114780,1,13348,1,1,1,32,1,32,1
337,1895100,4467,9545,28.988914,,0,11,8,96,31694,13286,30628,1863406,16,227,60,1,26841,1,30,1,260038,1,160337,1,116884,1,1288275,1,10941,1,111764,1,12424,4,313289,4,79242,4,236583,4,490067,8,648331,96,47691,36,3617,1,25268,1,2735,1,0,0,0,0,0,0,0,0,110371,1,32622,1,4408,1,6963,1,51198,1,173883,1,27763,1,3797,1,5581,1,30879,1,69463,1,16340,1,227,1,9545,1,4467,1,16567,1,9545,1,48,1,1240,1,1,1,0,1,4503,1,5042,1,0,1,0,0,213735,1,426756,1,775,1,775,1,0,1,96,1,2256,1,97,1,0,1,2,1,0,1,0,1,1,1,8,1,24,1,0,1,0,1,203,1,16340,1,1,1,1,1,2195,1,57816,1,8,1,8,1,0,1,110493,1,97,1,13019,1,7260,1,114499,1,16714,1,1,1,32,1,32,1
338,1955600,4467,9545,28.988914,,0,11,8,96,38481,14147,35236,1917119,16,227,40,1,26751,1,30,1,261070,1,178912,1,120260,1,1318673,1,11382,1,117675,1,13726,4,317678,4,82939,4,251561,4,481061,8,643673,96,53713,36,3587,1,33534,1,2765,1,0,0,0,0,0,0,0,0,124458,1,36650,1,4388,1,7023,1,52500,1,172560,1,28705,1,4048,1,5591,1,30138,1,75504,1,16340,1,227,1,9545,1,4467,1,16567,1,9545,1,48,1,1240,1,1,1,0,1,4503,1,5042,1,0,1,0,0,224943,1,307065,1,776,1,776,1,0,1,96,1,2256,1,97,1,0,1,2,1,0,1,0,1,1,1,8,1,24,1,0,1,0,1,203,1,16340,1,1,1,1,1,1898,1,50721,1,8,1,8,1,0,1,82523,1,97,1,14966,1,1518,1,118855,1,15097,1,1,1,32,1,32,1
339,2375500,4467,9545,28.988914,,0,11,8,96,48357,18225,37772,2327143,16,227,491,1,42311,1,50,1,328639,1,182880,1,217606,1,1543964,1,11201,1,139016,1,14929,4,454420,4,109479,4,266209,4,506209,8,680203,96,54444,36,3597,1,29016,1,2865,1,0,0,0,0,0,0,0,0,113427,1,38464,1,7825,1,10430,1,74693,1,202798,1,39746,1,5881,1,9588,1,30889,1,89181,1,16340,1,227,1,9545,1,4467,1,16567,1,9545,1,48,1,1240,1,1,1,0,1,4503,1,5042,1,0,1,0,0,228791,1,392667,1,776,1,776,1,0,1,96,1,2256,1,97,1,0,1,2,1,0,1,0,1,1,1,8,1,24,1,0,1,0,1,203,1,16340,1,1,1,1,1,16054,1,21945,1,8,1,8,1,0,1,105886,1,97,1,13480,1,6468,1,129189,1,2129,1,1,1,32,1,32,1
340,1924900,4468,9545,28.988914,,0,11,8,96,31126,8917,30327,1893774,16,227,70,1,31691,1,40,1,268283,1,157882,1,134467,1,1290469,1,10871,1,117946,1,12433,4,348056,4,81636,4,238957,4,448709,8,609749,96,47591,36,3928,1,27012,1,2876,1,0,0,0,0,0,0,0,0,107396,1,32342,1,4909,1,6783,1,55436,1,171628,1,34125,1,4118,1,6242,1,30769,1,74563,1,16337,1,231,1,9545,1,4468,1,16568,1,9545,1,48,1,1240,1,1,1,0,1,4502,1,5042,1,1,1,0,0,210703,1,322839,1,776,1,776,1,0,1,96,1,2256,1,97,1,0,1,2,1,0,1,0,1,1,1,8,1,24,1,0,1,0,1,207,1,16337,1,0,1,0,1,2558,1,26994,1,8,1,8,1,0,1,76008,1,97,1,13118,1,1056,1,114483,1,2392,1,1,1,32,1,32,1
341,2023000,4468,9545,28.988914,,0,11,8,96,34836,12935,36297,1988164,16,227,50,1,27232,1,20,1,263574,1,159395,1,119258,1,1407273,1,11362,1,136361,1,12754,4,321004,4,80604,4,276730,4,525806,8,713357,96,52881,36,6392,1,31600,1,3086,1,0,0,0,0,0,0,0,0,108387,1,33745,1,4338,1,6442,1,53102,1,173803,1,29927,1,3797,1,5601,1,30017,1,94491,1,16339,1,231,1,9545,1,4468,1,16570,1,9545,1,48,1,1240,1,1,1,0,1,4503,1,5042,1,0,1,0,0,215477,1,454014,1,776,1,776,1,0,1,96,1,2256,1,97,1,0,1,2,1,0,1,0,1,1,1,8,1,24,1,0,1,0,1,207,1,16339,1,1,1,0,1,2657,1,8943,1,8,1,8,1,0,1,122014,1,97,1,13811,1,5511,1,111595,1,1072,1,1,1,32,1,32,1
342,2323500,4468,9545,28.988914,,0,11,8,96,33268,13556,33074,2290232,16,227,170,1,26891,1,40,1,265688,1,169875,1,120250,1,1695915,1,11402,1,118026,1,15780,4,538070,4,92808,4,302319,4,576994,8,791464,96,54775,36,4408,1,30889,1,3066,1,0,0,0,0,0,0,0,0,118186,1,33704,1,4368,1,6833,1,53763,1,173893,1,30819,1,4158,1,5811,1,30649,1,75004,1,16339,1,231,1,9545,1,4468,1,16570,1,9545,1,48,1,1240,1,1,1,0,1,4503,1,5042,1,0,1,0,0,220335,1,486123,1,776,1,776,1,0,1,96,1,2256,1,97,1,0,1,2,1,0,1,0,1,1,1,8,1,24,1,0,1,0,1,207,1,16339,1,1,1,1,1,4373,1,18381,1,8,1,8,1,0,1,128040,1,97,1,13679,1,363,1,120192,1,2739,1,1,1,32,1,32,1
343,1896600,4468,9545,28.988914,,0,11,8,96,31241,13305,30538,1865359,16,227,60,1,27082,1,50,1,261320,1,158213,1,123516,1,1283616,1,11502,1,114279,1,12173,4,347295,4,79372,4,238266,4,443869,8,603536,96,48062,36,3998,1,27623,1,3437,1,0,0,0,0,0,0,0,0,107876,1,32953,1,4378,1,6953,1,52420,1,171729,1,29907,1,4118,1,5941,1,30819,1,71256,1,16339,1,231,1,9545,1,4468,1,16570,1,9545,1,48,1,1240,1,1,1,0,1,4502,1,5042,1,1,1,0,0,214089,1,316899,1,776,1,776,1,0,1,96,1,2256,1,97,1,0,1,2,1,0,1,0,1,1,1,8,1,24,1,0,1,0,1,207,1,16339,1,1,1,1,1,2261,1,51744,1,8,1,8,1,0,1,83301,1,97,1,13580,1,7095,1,113922,1,12754,1,1,1,32,1,32,1
344,2067800,4468,9545,28.988914,,0,11,8,96,34379,13897,37368,2033421,16,227,80,1,27052,1,30,1,260508,1,158373,1,121643,1,1456026,1,9709,1,138335,1,13105,4,329931,4,86005,4,282330,4,535104,8,723909,96,56157,36,6583,1,47341,1,3396,1,0,0,0,0,0,0,0,0,107225,1,33875,1,4388,1,6332,1,52771,1,170456,1,30518,1,4008,1,6092,1,30659,1,95322,1,16339,1,231,1,9545,1,4468,1,16570,1,9545,1,48,1,1240,1,1,1,0,1,4502,1,5042,1,1,1,0,0,269526,1,470910,1,775,1,775,1,0,1,96,1,2256,1,97,1,0,1,2,1,0,1,0,1,1,1,8,1,24,1,0,1,0,1,207,1,16339,1,1,1,1,1,2360,1,51810,1,8,1,8,1,0,1,123934,1,97,1,16121,1,9240,1,156681,1,16681,1,1,1,32,1,32,1
345,2376900,4468,9545,28.988914,,0,11,8,96,35039,13967,36648,2341861,16,227,210,1,30348,1,160,1,306967,1,177740,1,134357,1,1680766,1,11312,1,122995,1,13907,4,502121,4,96254,4,295385,4,563709,8,764986,96,57460,36,8977,1,57570,1,5881,1,0,0,0,0,0,0,0,0,119479,1,37151,1,5220,1,8526,1,66948,1,190334,1,40467,1,4088,1,5671,1,30478,1,80244,1,16339,1,231,1,9545,1,4468,1,16570,1,9545,1,48,1,1240,1,1,1,0,1,4503,1,5042,1,0,1,0,0,225853,1,407088,1,776,1,776,1,0,1,96,1,2256,1,97,1,0,1,2,1,0,1,0,1,1,1,8,1,24,1,0,1,0,1,207,1,16339,1,1,1,1,1,5165,1,45804,1,8,1,8,1,0,1,96494,1,97,1,13877,1,6930,1,118410,1,17259,1,1,1,32,1,32,1
346,1958200,4468,9545,28.988914,,0,11,8,96,34178,13376,29846,1924022,16,227,220,1,44185,1,30,1,280627,1,156439,1,127514,1,1304065,1,10941,1,113808,1,12263,4,366401,4,79933,4,236322,4,441314,8,599699,96,48092,36,4539,1,32773,1,3336,1,0,0,0,0,0,0,0,0,106885,1,31731,1,4639,1,9218,1,55166,1,183421,1,32282,1,3978,1,5961,1,31089,1,70585,1,16339,1,231,1,9545,1,4468,1,16570,1,9545,1,48,1,1240,1,1,1,0,1,4503,1,5042,1,0,1,0,0,208211,1,279543,1,776,1,776,1,0,1,96,1,2256,1,97,1,0,1,2,1,0,1,0,1,1,1,8,1,24,1,0,1,0,1,207,1,16339,1,1,1,1,1,2921,1,17127,1,8,1,8,1,0,1,69329,1,97,1,13877,1,429,1,115308,1,2920,1,1,1,32,1,32,1
347,2004600,4468,9545,28.988914,,0,11,8,96,32096,13346,32712,1972504,16,227,70,1,26851,1,30,1,273543,1,156910,1,125270,1,1378899,1,10931,1,111453,1,12284,4,348537,4,78360,4,261981,4,511359,8,692796,96,47832,36,4248,1,34195,1,3136,1,0,0,0,0,0,0,0,0,106333,1,33093,1,4619,1,6853,1,54855,1,178942,1,32612,1,4088,1,5931,1,30999,1,68211,1,16339,1,231,1,9545,1,4468,1,16570,1,9545,1,48,1,1240,1,1,1,0,1,4503,1,5042,1,0,1,0,0,214234,1,485265,1,776,1,776,1,0,1,96,1,2256,1,97,1,0,1,2,1,0,1,0,1,1,1,8,1,24,1,0,1,0,1,207,1,16339,1,1,1,1,1,2294,1,18216,1,8,1,8,1,0,1,133188,1,97,1,15164,1,2211,1,119185,1,4141,1,1,1,32,1,32,1
348,2050500,4468,9545,28.988914,,0,11,8,96,32729,12965,31090,2017771,16,227,60,1,26451,1,40,1,269646,1,209130,1,129257,1,1372076,1,11111,1,120120,1,12865,4,370539,4,82267,4,243416,4,474247,8,637199,96,49374,36,6472,1,44465,1,4719,1,0,0,0,0,0,0,0,0,152432,1,38063,1,4609,1,6863,1,54825,1,175035,1,32673,1,3998,1,5841,1,30238,1,77578,1,16340,1,231,1,9545,1,4468,1,16571,1,9545,1,48,1,1240,1,1,1,0,1,4502,1,5042,1,1,1,0,0,213080,1,332244,1,776,1,776,1,0,1,96,1,2256,1,97,1,0,1,2,1,0,1,0,1,1,1,8,1,24,1,0,1,0,1,207,1,16340,1,1,1,0,1,2739,1,69531,1,8,1,8,1,0,1,92527,1,97,1,13283,1,3564,1,114565,1,17622,1,1,1,32,1,32,1
349,2091000,4468,9545,28.988914,,0,11,8,96,31259,13266,29715,2059741,16,227,30,1,35217,1,30,1,339840,1,200945,1,186797,1,1285320,1,11562,1,116673,1,12453,4,347645,4,79192,4,235821,4,443298,8,601293,96,48112,36,4218,1,29687,1,3066,1,0,0,0,0,0,0,0,0,139367,1,36279,1,6923,1,9418,1,75855,1,206375,1,47912,1,4168,1,5921,1,30879,1,73611,1,16340,1,231,1,9545,1,4468,1,16571,1,9545,1,48,1,1240,1,1,1,0,1,4503,1,5042,1,0,1,0,0,212035,1,316371,1,776,1,776,1,0,1,96,1,2256,1,97,1,0,1,2,1,0,1,0,1,1,1,8,1,24,1,0,1,0,1,207,1,16340,1,1,1,1,1,4604,1,10032,1,8,1,8,1,0,1,76091,1,97,1,13745,1,5412,1,114400,1,1270,1,1,1,32,1,32,1
350,1961700,4468,9545,28.988914,,0,11,8,96,31486,13606,32832,1930214,16,227,60,1,26591,1,40,1,263354,1,154997,1,128406,1,1345645,1,11121,1,112145,1,12053,4,342986,4,81025,4,268664,4,476201,8,661146,96,50887,36,6052,1,29937,1,2976,1,0,0,0,0,0,0,0,0,105903,1,31751,1,4609,1,6172,1,53532,1,171218,1,32142,1,4018,1,5911,1,30909,1,69183,1,16340,1,231,1,9545,1,4468,1,16571,1,9545,1,48,1,1240,1,1,1,0,1,4502,1,5042,1,1,1,0,0,221809,1,375408,1,774,1,774,1,0,1,96,1,2256,1,97,1,0,1,2,1,0,1,0,1,1,1,8,1,24,1,0,1,0,1,207,1,16340,1,1,1,1,1,2822,1,9075,1,8,1,8,1,0,1,105955,1,97,1,13415,1,1551,1,117748,1,1930,1,1,1,32,1,32,1
351,1941400,4468,9545,28.988914,,0,11,8,96,32287,13656,30739,1909113,16,227,60,1,26952,1,30,1,260849,1,163874,1,127514,1,1318563,1,11272,1,122224,1,13155,4,348447,4,79793,4,253365,4,448779,8,623233,96,48172,36,4198,1,31811,1,3136,1,0,0,0,0,0,0,0,0,110622,1,35849,1,4619,1,6332,1,53132,1,170576,1,30498,1,3817,1,6001,1,30428,1,79733,1,16340,1,231,1,9545,1,4468,1,16571,1,9545,1,48,1,1240,1,1,1,0,1,4502,1,5042,1,1,1,0,0,218045,1,367620,1,776,1,776,1,0,1,96,1,2256,1,97,1,0,1,2,1,0,1,0,1,1,1,8,1,24,1,0,1,0,1,207,1,16340,1,1,1,1,1,2987,1,30558,1,8,1,8,1,0,1,92802,1,97,1,13646,1,9504,1,117947,1,2937,1,1,1,32,1,32,1
352,2137700,4468,9545,28.988914,,0,11,8,96,31430,15179,30989,2106270,16,227,60,1,27242,1,60,1,262873,1,179764,1,169595,1,1455435,1,11242,1,134207,1,13636,4,430814,4,83700,4,255309,4,485960,8,661717,96,48563,36,4228,1,29316,1,3086,1,0,0,0,0,0,0,0,0,121442,1,35247,1,6282,1,6252,1,53773,1,170226,1,32382,1,4829,1,7494,1,30979,1,88099,1,16340,1,231,1,9545,1,4468,1,16571,1,9545,1,48,1,1240,1,1,1,0,1,4502,1,5042,1,1,1,0,0,212481,1,359172,1,776,1,776,1,0,1,96,1,2256,1,97,1,0,1,2,1,0,1,0,1,1,1,8,1,24,1,0,1,0,1,207,1,16340,1,1,1,1,1,2855,1,65802,1,8,1,8,1,0,1,102543,1,97,1,13910,1,1419,1,114252,1,16945,1,1,1,32,1,32,1
353,1901000,4468,9545,28.988914,,0,11,8,96,30781,13196,29276,1870219,16,227,20,1,26841,1,40,1,264526,1,157982,1,126733,1,1282624,1,11452,1,112725,1,12344,4,347685,4,79071,4,237204,4,444160,8,603836,96,48252,36,4238,1,28945,1,3056,1,0,0,0,0,0,0,0,0,107957,1,32703,1,4609,1,6212,1,54905,1,170787,1,32352,1,4178,1,5921,1,30919,1,69623,1,16340,1,231,1,9545,1,4468,1,16571,1,9545,1,48,1,1240,1,1,1,0,1,4503,1,5042,1,0,1,0,0,208740,1,329901,1,776,1,776,1,0,1,96,1,2256,1,97,1,0,1,2,1,0,1,0,1,1,1,8,1,24,1,0,1,0,1,207,1,16340,1,1,1,1,1,2525,1,23331,1,8,1,8,1,0,1,82823,1,97,1,13613,1,6237,1,115670,1,2887,1,1,1,32,1,32,1
354,2023400,4467,9545,28.988914,,0,11,8,96,36618,9198,32530,1986782,16,227,60,1,27062,1,40,1,259827,1,182329,1,126993,1,1378899,1,11572,1,128245,1,13075,4,346723,4,80584,4,268404,4,492202,8,678500,96,49575,36,4248,1,32873,1,3346,1,0,0,0,0,0,0,0,0,130129,1,34586,1,4689,1,6262,1,52891,1,168973,1,31480,1,3707,1,6082,1,30148,1,86015,1,16343,1,227,1,9545,1,4467,1,16570,1,9545,1,48,1,1240,1,1,1,0,1,4503,1,5042,1,0,1,0,0,220856,1,422565,1,773,1,773,1,0,1,96,1,2256,1,97,1,0,1,2,1,0,1,0,1,1,1,8,1,24,1,0,1,0,1,203,1,16343,1,0,1,0,1,2690,1,73986,1,8,1,8,1,0,1,132216,1,97,1,14784,1,3663,1,123623,1,17869,1,1,1,32,1,32,1
355,2203600,4467,9545,28.988914,,0,11,8,96,35301,16282,30396,2168299,16,227,40,1,27533,1,50,1,302208,1,212457,1,187399,1,1427031,1,11582,1,140198,1,13626,4,413762,4,84031,4,253084,4,465721,8,639997,96,48413,36,4548,1,32342,1,3437,1,0,0,0,0,0,0,0,0,149616,1,37622,1,6943,1,6803,1,55657,1,191166,1,48172,1,5350,1,8186,1,30949,1,92768,1,16343,1,227,1,9545,1,4467,1,16570,1,9545,1,48,1,1240,1,1,1,0,1,4503,1,5042,1,0,1,0,0,213409,1,386199,1,776,1,776,1,0,1,96,1,2256,1,97,1,0,1,2,1,0,1,0,1,1,1,8,1,24,1,0,1,0,1,203,1,16343,1,1,1,1,1,4967,1,48807,1,8,1,8,1,0,1,106018,1,97,1,13778,1,6501,1,115968,1,14008,1,1,1,32,1,32,1
356,1892500,4467,9545,28.988914,,0,11,8,96,30527,11051,29935,1861973,16,227,50,1,26851,1,40,1,261621,1,156299,1,125851,1,1279779,1,11482,1,113267,1,12173,4,345100,4,78590,4,237234,4,445252,8,605280,96,47270,36,4198,1,29817,1,3096,1,0,0,0,0,0,0,0,0,106945,1,31951,1,4599,1,6212,1,53773,1,169484,1,31871,1,3777,1,5761,1,30178,1,71497,1,16344,1,227,1,9545,1,4467,1,16571,1,9545,1,48,1,1240,1,1,1,0,1,4501,1,5042,1,2,1,0,0,211806,1,324522,1,776,1,776,1,0,1,96,1,2256,1,97,1,0,1,2,1,0,1,0,1,1,1,8,1,24,1,0,1,0,1,203,1,16344,1,1,1,0,1,2360,1,528,1,8,1,8,1,0,1,88138,1,97,1,13712,1,5709,1,114631,1,528,1,1,1,32,1,32,1
357,2059200,4467,9545,28.988914,,0,11,8,96,32562,13986,34094,2026638,16,227,50,1,26992,1,30,1,261140,1,157922,1,126121,1,1442701,1,11682,1,127364,1,12885,4,347034,4,80484,4,283993,4,531217,8,730399,96,50717,36,6352,1,36249,1,3136,1,0,0,0,0,0,0,0,0,106774,1,33755,1,4629,1,6432,1,53623,1,168813,1,31981,1,4228,1,5931,1,30599,1,84231,1,16344,1,227,1,9545,1,4467,1,16571,1,9545,1,48,1,1240,1,1,1,0,1,4503,1,5042,1,0,1,0,0,240339,1,525426,1,772,1,772,1,0,1,96,1,2256,1,97,1,0,1,2,1,0,1,0,1,1,1,8,1,24,1,0,1,0,1,203,1,16344,1,1,1,1,1,1865,1,49599,1,8,1,8,1,0,1,135569,1,97,1,14273,1,363,1,136943,1,13711,1,1,1,32,1,32,1
358,1967900,4467,9545,28.988914,,0,11,8,96,31324,13747,30077,1936576,16,227,20,1,27272,1,60,1,266921,1,174714,1,123757,1,1332350,1,11482,1,124538,1,12805,4,346223,4,79632,4,238737,4,467725,8,628634,96,47751,36,5571,1,39586,1,3787,1,0,0,0,0,0,0,0,0,117395,1,38904,1,4449,1,7134,1,54615,1,173562,1,31049,1,4058,1,5831,1,30659,1,81626,1,16344,1,227,1,9545,1,4467,1,16571,1,9545,1,48,1,1240,1,1,1,0,1,4503,1,5042,1,0,1,0,0,209369,1,379302,1,776,1,776,1,0,1,96,1,2256,1,97,1,0,1,2,1,0,1,0,1,1,1,8,1,24,1,0,1,0,1,203,1,16344,1,1,1,1,1,2525,1,61743,1,8,1,8,1,0,1,105572,1,97,1,14207,1,1188,1,115044,1,15472,1,1,1,32,1,32,1
359,1991200,4467,9545,28.988914,,0,11,8,96,31149,14197,29436,1960051,16,227,10,1,29787,1,40,1,284615,1,181728,1,155277,1,1297423,1,11171,1,127754,1,12003,4,347705,4,78921,4,237474,4,442226,8,602393,96,47872,36,4228,1,29807,1,3106,1,0,0,0,0,0,0,0,0,125360,1,35718,1,5721,1,7645,1,62009,1,176378,1,38253,1,4579,1,7003,1,30799,1,82658,1,16344,1,227,1,9545,1,4467,1,16571,1,9545,1,48,1,1240,1,1,1,0,1,4503,1,5042,1,0,1,0,0,215226,1,354453,1,776,1,776,1,0,1,96,1,2256,1,97,1,0,1,2,1,0,1,0,1,1,1,8,1,24,1,0,1,0,1,203,1,16344,1,1,1,1,1,4142,1,18150,1,8,1,8,1,0,1,99766,1,97,1,13811,1,990,1,116462,1,2310,1,1,1,32,1,32,1
360,1991000,4467,9545,28.988914,,0,11,8,96,33384,13506,35675,1957616,16,227,40,1,27242,1,130,1,262903,1,161669,1,126652,1,1367367,1,11612,1,114860,1,12584,4,346824,4,83079,4,251201,4,506840,8,669665,96,52701,36,6022,1,29446,1,3006,1,0,0,0,0,0,0,0,0,110041,1,34095,1,4639,1,6522,1,53422,1,170276,1,32422,1,3867,1,5951,1,30859,1,72128,1,16344,1,227,1,9545,1,4467,1,16571,1,9545,1,48,1,1240,1,1,1,0,1,4503,1,5042,1,0,1,0,0,225043,1,364584,1,776,1,776,1,0,1,96,1,2256,1,97,1,0,1,2,1,0,1,0,1,1,1,8,1,24,1,0,1,0,1,203,1,16344,1,1,1,1,1,2492,1,59169,1,8,1,8,1,0,1,95506,1,97,1,13283,1,5412,1,115984,1,15790,1,1,1,32,1,32,1
361,2429700,4467,9545,28.988914,,0,11,8,96,37442,14678,40797,2392258,16,227,70,1,26861,1,30,1,263214,1,177229,1,125781,1,1788492,1,10580,1,133826,1,16071,4,565853,4,109479,4,300435,4,567265,8,764083,96,62820,36,9679,1,64423,1,6783,1,0,0,0,0,0,0,0,0,124679,1,35428,1,4368,1,6913,1,53573,1,171909,1,30468,1,4158,1,5951,1,30298,1,90643,1,16344,1,227,1,9545,1,4467,1,16571,1,9545,1,48,1,1240,1,1,1,0,1,4503,1,5042,1,0,1,0,0,253483,1,408738,1,776,1,776,1,0,1,96,1,2256,1,97,1,0,1,2,1,0,1,0,1,1,1,8,1,24,1,0,1,0,1,203,1,16344,1,1,1,1,1,2640,1,29733,1,8,1,8,1,0,1,128678,1,97,1,22919,1,2574,1,149050,1,2491,1,1,1,32,1,32,1
362,1992400,4467,9545,28.988914,,0,11,8,96,35706,14047,30699,1956694,16,227,70,1,39636,1,30,1,275507,1,163803,1,142533,1,1324094,1,11021,1,117635,1,12514,4,381139,4,79632,4,238076,4,441585,8,601551,96,47410,36,4699,1,31480,1,3286,1,0,0,0,0,0,0,0,0,110021,1,34446,1,5320,1,9909,1,57921,1,170506,1,36830,1,4568,1,6613,1,30919,1,73200,1,16344,1,227,1,9545,1,4467,1,16571,1,9545,1,48,1,1240,1,1,1,0,1,4503,1,5042,1,0,1,0,0,214268,1,324687,1,776,1,776,1,0,1,96,1,2256,1,97,1,0,1,2,1,0,1,0,1,1,1,8,1,24,1,0,1,0,1,203,1,16344,1,1,1,1,1,2855,1,60555,1,8,1,8,1,0,1,82971,1,97,1,13514,1,6072,1,115538,1,13612,1,1,1,32,1,32,1
363,1953300,4467,9545,28.988914,,0,11,8,96,33206,10550,32240,1920094,16,227,50,1,26731,1,30,1,261370,1,160868,1,126191,1,1333752,1,11101,1,115421,1,12063,4,364548,4,81025,4,243215,4,465791,8,626350,96,50416,36,6162,1,31540,1,3437,1,0,0,0,0,0,0,0,0,110251,1,32953,1,4639,1,6182,1,53522,1,169935,1,31470,1,3777,1,5731,1,30849,1,73020,1,16343,1,227,1,9545,1,4467,1,16570,1,9545,1,48,1,1240,1,1,1,0,1,4503,1,5042,1,0,1,0,0,214032,1,304953,1,774,1,775,1,0,1,96,1,2256,1,97,1,0,1,2,1,0,1,0,1,1,1,8,1,24,1,0,1,0,1,203,1,16343,1,1,1,0,1,2261,1,60225,1,8,1,8,1,0,1,76413,1,97,1,13349,1,6501,1,116446,1,14272,1,1,1,32,1,32,1
364,2057900,4467,9545,28.988914,,0,11,8,96,32254,13806,32951,2025646,16,227,30,1,26451,1,30,1,262001,1,169645,1,125711,1,1430036,1,11742,1,131171,1,12714,4,366682,4,79723,4,249237,4,515697,8,682498,96,49484,36,7574,1,48332,1,5100,1,0,0,0,0,0,0,0,0,114299,1,37071,1,4629,1,6432,1,53472,1,170045,1,31771,1,4288,1,5901,1,30338,1,88169,1,16343,1,227,1,9545,1,4467,1,16570,1,9545,1,48,1,1240,1,1,1,0,1,4503,1,5042,1,0,1,0,0,214331,1,449361,1,776,1,776,1,0,1,96,1,2256,1,97,1,0,1,2,1,0,1,0,1,1,1,8,1,24,1,0,1,0,1,203,1,16343,1,1,1,1,1,4802,1,48213,1,8,1,8,1,0,1,122882,1,97,1,13530,1,6204,1,118095,1,16153,1,1,1,32,1,32,1
365,2204400,4467,9545,28.988914,,0,11,8,96,31482,13436,29767,2172918,16,227,160,1,38764,1,20,1,389736,1,230531,1,187529,1,1314866,1,11312,1,115361,1,12424,4,372353,4,78961,4,234849,4,449180,8,606541,96,47721,36,4479,1,30468,1,3356,1,0,0,0,0,0,0,0,0,164896,1,37792,1,7705,1,10470,1,83019,1,241713,1,54264,1,4027,1,6212,1,30699,1,72218,1,16343,1,227,1,9545,1,4467,1,16570,1,9545,1,48,1,1240,1,1,1,0,1,4503,1,5042,1,0,1,0,0,212185,1,302907,1,776,1,776,1,0,1,96,1,2256,1,97,1,0,1,2,1,0,1,0,1,1,1,8,1,24,1,0,1,0,1,203,1,16343,1,1,1,1,1,3812,1,56463,1,8,1,8,1,0,1,80116,1,97,1,13827,1,1485,1,114350,1,15576,1,1,1,32,1,32,1
366,1935000,4467,9545,28.988914,,0,11,8,96,32379,13496,29697,1902621,16,227,40,1,27453,1,30,1,267281,1,162771,1,132023,1,1301981,1,11041,1,114078,1,12333,4,364938,4,78981,4,236352,4,445202,8,603906,96,47952,36,4218,1,29306,1,3076,1,0,0,0,0,0,0,0,0,110702,1,33674,1,4959,1,6613,1,54885,1,171388,1,34135,1,4038,1,6172,1,30649,1,71066,1,16343,1,227,1,9545,1,4467,1,16570,1,9545,1,48,1,1240,1,1,1,0,1,4503,1,5042,1,0,1,0,0,210123,1,344355,1,776,1,776,1,0,1,96,1,2256,1,97,1,0,1,2,1,0,1,0,1,1,1,8,1,24,1,0,1,0,1,203,1,16343,1,1,1,1,1,2294,1,61281,1,8,1,8,1,0,1,89635,1,97,1,13184,1,6138,1,113855,1,17110,1,1,1,32,1,32,1
367,2003000,4468,9545,28.988914,,0,11,8,96,36808,10069,32189,1966192,16,227,80,1,27443,1,30,1,261450,1,187328,1,126743,1,1350965,1,12153,1,132463,1,12724,4,348246,4,80945,4,263013,4,463617,8,645207,96,49234,36,4308,1,32272,1,3306,1,0,0,0,0,0,0,0,0,134888,1,34526,1,4649,1,6052,1,52571,1,169715,1,32873,1,4198,1,6512,1,30579,1,89000,1,16340,1,231,1,9545,1,4468,1,16571,1,9545,1,48,1,1240,1,1,1,0,1,4503,1,5042,1,0,1,0,0,215491,1,398442,1,776,1,776,1,0,1,96,1,2256,1,97,1,0,1,2,1,0,1,0,1,1,1,8,1,24,1,0,1,0,1,207,1,16340,1,0,1,0,1,3152,1,76197,1,8,1,8,1,0,1,110023,1,97,1,14108,1,2475,1,114763,1,15246,1,1,1,32,1,32,1
368,2210700,4469,9545,28.988914,,0,11,8,96,31730,10290,30518,2178970,16,227,10,1,27232,1,40,1,280637,1,207778,1,185545,1,1466667,1,11061,1,140709,1,13927,4,443038,4,86205,4,260288,4,474879,8,654883,96,49765,36,4248,1,29827,1,3256,1,0,0,0,0,0,0,0,0,145288,1,36921,1,6903,1,6322,1,55486,1,170727,1,47791,1,5140,1,8246,1,30839,1,93268,1,16337,1,235,1,9545,1,4469,1,16572,1,9545,1,48,1,1240,1,1,1,0,1,4503,1,5042,1,0,1,0,0,209727,1,370293,1,776,1,776,1,0,1,96,1,2244,1,97,1,0,1,2,1,0,1,0,1,1,1,8,1,24,1,0,1,0,1,211,1,16337,1,0,1,0,1,4043,1,85470,1,8,1,8,1,0,1,104193,1,97,1,13976,1,5874,1,115290,1,14338,1,1,1,32,1,32,1
369,1900500,4469,9545,28.988914,,0,11,8,96,31213,13325,29775,1869287,16,227,80,1,26681,1,30,1,264406,1,156670,1,126692,1,1283656,1,11071,1,114028,1,12684,4,347054,4,79101,4,234659,4,446535,8,603196,96,48222,36,4218,1,28875,1,3176,1,0,0,0,0,0,0,0,0,105592,1,33384,1,4639,1,6502,1,53843,1,171308,1,32342,1,3917,1,5971,1,30999,1,70896,1,16337,1,235,1,9545,1,4469,1,16572,1,9545,1,48,1,1240,1,1,1,0,1,4502,1,5042,1,1,1,0,0,214880,1,317955,1,776,1,776,1,0,1,96,1,2244,1,97,1,0,1,2,1,0,1,0,1,1,1,8,1,24,1,0,1,0,1,211,1,16337,1,1,1,1,1,2294,1,44913,1,8,1,8,1,0,1,89111,1,97,1,13877,1,924,1,114945,1,12193,1,1,1,32,1,32,1
370,2027100,4469,9545,28.988914,,0,11,8,96,33706,14187,37127,1993394,16,227,50,1,27212,1,40,1,259276,1,157401,1,120871,1,1416931,1,11612,1,129989,1,13115,4,328218,4,83830,4,282781,4,516168,8,706937,96,54885,36,6042,1,38995,1,3607,1,0,0,0,0,0,0,0,0,106895,1,33494,1,4378,1,6402,1,53041,1,169184,1,30268,1,4088,1,5761,1,30558,1,87417,1,16337,1,235,1,9545,1,4469,1,16572,1,9545,1,48,1,1240,1,1,1,0,1,4503,1,5042,1,0,1,0,0,223308,1,459327,1,776,1,776,1,0,1,96,1,2244,1,97,1,0,1,2,1,0,1,0,1,1,1,8,1,24,1,0,1,0,1,211,1,16337,1,1,1,1,1,2525,1,27126,1,8,1,8,1,0,1,120017,1,97,1,17490,1,7788,1,119036,1,2508,1,1,1,32,1,32,1
371,2341700,4469,9545,28.988914,,0,11,8,96,31890,13226,35276,2309810,16,227,351,1,27923,1,70,1,269195,1,184213,1,130319,1,1686387,1,11352,1,119579,1,15500,4,525496,4,90052,4,288362,4,588196,8,785615,96,55667,36,4558,1,38003,1,3417,1,0,0,0,0,0,0,0,0,124007,1,40588,1,4639,1,6973,1,56167,1,171929,1,33574,1,3968,1,5861,1,30889,1,76546,1,16338,1,235,1,9545,1,4469,1,16573,1,9545,1,48,1,1240,1,1,1,0,1,4502,1,5042,1,1,1,0,0,209038,1,465432,1,776,1,776,1,0,1,96,1,2244,1,97,1,0,1,2,1,0,1,0,1,1,1,8,1,24,1,0,1,0,1,211,1,16338,1,1,1,0,1,2954,1,627,1,8,1,8,1,0,1,127291,1,97,1,13547,1,5907,1,111859,1,627,1,1,1,32,1,32,1
372,1944100,4469,9545,28.988914,,0,11,8,96,31821,13185,29455,1912279,16,227,60,1,27443,1,60,1,268153,1,164535,1,133976,1,1306710,1,11342,1,116323,1,12284,4,370429,4,78891,4,237384,4,441635,8,601282,96,48282,36,4198,1,29266,1,3116,1,0,0,0,0,0,0,0,0,112595,1,33704,1,4980,1,6843,1,55646,1,170977,1,34356,1,4208,1,6172,1,31100,1,72659,1,16337,1,235,1,9545,1,4469,1,16572,1,9545,1,48,1,1240,1,1,1,0,1,4503,1,5042,1,0,1,0,0,214908,1,332508,1,776,1,776,1,0,1,96,1,2244,1,97,1,0,1,2,1,0,1,0,1,1,1,8,1,24,1,0,1,0,1,211,1,16337,1,1,1,0,1,2822,1,57717,1,8,1,8,1,0,1,85311,1,97,1,13679,1,5643,1,115258,1,15625,1,1,1,32,1,32,1
373,2207100,4469,9545,28.988914,,0,11,8,96,33691,12484,42979,2173409,16,227,120,1,33725,1,40,1,298591,1,167360,1,147071,1,1512404,1,14097,1,116683,1,14167,4,395467,4,83981,4,280136,4,564721,8,744789,96,57089,36,6072,1,35488,1,3206,1,0,0,0,0,0,0,0,0,112525,1,34546,1,5350,1,8516,1,62680,1,190585,1,36149,1,4308,1,6472,1,31450,1,71868,1,16336,1,235,1,9545,1,4469,1,16571,1,9545,1,48,1,1240,1,1,1,0,1,4503,1,5042,1,0,1,0,0,244939,1,343860,1,775,1,776,1,0,1,96,1,2244,1,97,1,0,1,2,1,0,1,0,1,1,1,8,1,24,1,0,1,0,1,211,1,16336,1,1,1,0,1,15196,1,51876,1,8,1,8,1,0,1,103945,1,97,1,14833,1,528,1,140706,1,17523,1,1,1,32,1,32,1
374,2516700,4469,9545,28.988914,,0,11,8,96,32015,14438,38462,2484685,16,227,90,1,31691,1,40,1,286488,1,176959,1,156920,1,1821486,1,11011,1,137223,1,16291,4,569309,4,105412,4,330312,4,605388,8,836643,96,60595,36,4609,1,35247,1,3256,1,0,0,0,0,0,0,0,0,118857,1,36470,1,5741,1,8516,1,62920,1,175386,1,39175,1,4709,1,7013,1,30579,1,92327,1,16335,1,235,1,9545,1,4469,1,16570,1,9545,1,48,1,1240,1,1,1,0,1,4503,1,5042,1,0,1,0,0,227747,1,475827,1,776,1,776,1,0,1,96,1,2244,1,97,1,0,1,2,1,0,1,0,1,1,1,8,1,24,1,0,1,0,1,211,1,16335,1,1,1,0,1,4406,1,72996,1,8,1,8,1,0,1,123229,1,97,1,13910,1,396,1,126775,1,14355,1,1,1,32,1,32,1
375,1947500,4469,9545,28.988914,,0,11,8,96,30472,13486,29025,1917028,16,227,60,1,27262,1,40,1,269716,1,155447,1,136181,1,1317421,1,10901,1,114809,1,12444,4,373344,4,79312,4,242704,4,442837,8,608445,96,48072,36,4569,1,30619,1,3296,1,0,0,0,0,0,0,0,0,106434,1,30939,1,4939,1,6723,1,56789,1,170697,1,34977,1,4158,1,6212,1,31049,1,71096,1,16335,1,235,1,9545,1,4469,1,16570,1,9545,1,48,1,1240,1,1,1,0,1,4503,1,5042,1,0,1,0,0,210408,1,360261,1,776,1,776,1,0,1,96,1,2244,1,97,1,0,1,2,1,0,1,0,1,1,1,8,1,24,1,0,1,0,1,211,1,16335,1,1,1,1,1,2591,1,19140,1,8,1,8,1,0,1,104253,1,97,1,13811,1,5643,1,114334,1,3762,1,1,1,32,1,32,1
376,2035300,4469,9545,28.988914,,0,11,8,96,32267,13656,34084,2003033,16,227,60,1,26591,1,50,1,264155,1,156239,1,133976,1,1409898,1,12063,1,111904,1,12925,4,373395,4,83259,4,270237,4,502642,8,686465,96,52330,36,5050,1,33604,1,3226,1,0,0,0,0,0,0,0,0,105693,1,32452,1,4909,1,6683,1,54765,1,168543,1,33845,1,4278,1,6172,1,30749,1,68511,1,16335,1,235,1,9545,1,4469,1,16570,1,9545,1,48,1,1240,1,1,1,0,1,4503,1,5042,1,0,1,0,0,228718,1,391281,1,776,1,776,1,0,1,96,1,2244,1,97,1,0,1,2,1,0,1,0,1,1,1,8,1,24,1,0,1,0,1,211,1,16335,1,1,1,1,1,2096,1,561,1,8,1,8,1,0,1,110264,1,97,1,13514,1,1551,1,124206,1,561,1,1,1,32,1,32,1
377,2476900,4469,9545,28.988914,,0,11,8,96,36490,14878,37530,2440410,16,226,190,1,29717,1,130,1,306787,1,199101,1,158774,1,1734609,1,11101,1,123005,1,14838,4,548209,4,101454,4,298471,4,557276,8,760707,96,57510,36,10370,1,60175,1,5931,1,0,0,0,0,0,0,0,0,138225,1,38083,1,5761,1,7995,1,66177,1,191797,1,40077,1,4699,1,7134,1,30148,1,78260,1,16334,1,235,1,9545,1,4469,1,16569,1,9545,1,48,1,1240,1,1,1,0,1,4503,1,5042,1,0,1,0,0,220222,1,401115,1,776,1,776,1,0,1,96,1,2244,1,97,1,0,1,2,1,0,1,0,1,1,1,8,1,24,1,0,1,0,1,211,1,16334,1,1,1,0,1,5759,1,29271,1,8,1,8,1,0,1,108613,1,97,1,13745,1,5610,1,112684,1,3498,1,1,1,32,1,32,1
378,2072900,4469,9545,28.988914,,0,11,8,96,33097,14568,31269,2039803,16,227,200,1,42331,1,30,1,298411,1,163222,1,158253,1,1366515,1,10841,1,117866,1,12754,4,419002,4,80274,4,237905,4,440623,8,599217,96,48042,36,4939,1,35037,1,3547,1,0,0,0,0,0,0,0,0,108979,1,32632,1,5761,1,8025,1,64544,1,184653,1,40628,1,4639,1,7074,1,30779,1,72809,1,16334,1,235,1,9545,1,4469,1,16569,1,9545,1,48,1,1240,1,1,1,0,1,4503,1,5042,1,0,1,0,0,212915,1,307791,1,776,1,776,1,0,1,96,1,2244,1,97,1,0,1,2,1,0,1,0,1,1,1,8,1,24,1,0,1,0,1,211,1,16334,1,1,1,1,1,5066,1,6897,1,8,1,8,1,0,1,86023,1,97,1,13580,1,3333,1,115918,1,3019,1,1,1,32,1,32,1
379,2103800,4469,9545,28.988914,,0,11,8,96,31444,13767,32321,2072356,16,227,50,1,26962,1,30,1,272782,1,156600,1,134918,1,1469803,1,11211,1,120059,1,12414,4,395978,4,81977,4,273233,4,527329,8,720370,96,47871,36,4609,1,37261,1,3176,1,0,0,0,0,0,0,0,0,107035,1,31380,1,4909,1,6382,1,55105,1,177490,1,33524,1,4088,1,6142,1,30809,1,76627,1,16334,1,235,1,9545,1,4469,1,16569,1,9545,1,48,1,1240,1,1,1,0,1,4503,1,5042,1,0,1,0,0,226343,1,515196,1,774,1,774,1,0,1,96,1,2244,1,97,1,0,1,2,1,0,1,0,1,1,1,8,1,24,1,0,1,0,1,211,1,16334,1,1,1,1,1,2591,1,23661,1,8,1,8,1,0,1,145919,1,97,1,13910,1,1584,1,131515,1,2854,1,1,1,32,1,32,1
380,2218500,4469,9545,28.988914,,0,11,8,96,31295,14468,34937,2187205,16,227,140,1,27062,1,30,1,270958,1,177790,1,134537,1,1565636,1,11051,1,122975,1,14297,4,455041,4,87938,4,262983,4,537499,8,709838,96,55707,36,8627,1,56007,1,5801,1,0,0,0,0,0,0,0,0,117425,1,41209,1,4629,1,6823,1,54845,1,176367,1,32602,1,4078,1,5921,1,30488,1,80114,1,16334,1,235,1,9545,1,4469,1,16569,1,9545,1,48,1,1240,1,1,1,0,1,4503,1,5042,1,0,1,0,0,209963,1,365739,1,776,1,776,1,0,1,96,1,2244,1,97,1,0,1,2,1,0,1,0,1,1,1,8,1,24,1,0,1,0,1,211,1,16334,1,1,1,1,1,14916,1,31053,1,8,1,8,1,0,1,98386,1,97,1,13184,1,5610,1,113113,1,2475,1,1,1,32,1,32,1
381,2113800,4469,9545,28.988914,,0,11,8,96,32066,10430,32351,2081734,16,227,10,1,44786,1,30,1,380799,1,160758,1,134858,1,1349382,1,11111,1,114519,1,12754,4,371130,4,79312,4,250089,4,471743,8,641038,96,48443,36,4749,1,31280,1,3376,1,0,0,0,0,0,0,0,0,109019,1,33334,1,4980,1,11442,1,94591,1,240661,1,33755,1,4198,1,6082,1,30729,1,71327,1,16333,1,235,1,9545,1,4469,1,16568,1,9545,1,48,1,1240,1,1,1,0,1,4503,1,5042,1,0,1,0,0,210503,1,371811,1,776,1,776,1,0,1,96,1,2244,1,97,1,0,1,2,1,0,1,0,1,1,1,8,1,24,1,0,1,0,1,211,1,16333,1,1,1,0,1,2525,1,52206,1,8,1,8,1,0,1,98613,1,97,1,13745,1,5247,1,111909,1,13249,1,1,1,32,1,32,1
382,2047800,4469,9545,28.988914,,0,11,8,96,32614,13646,33383,2015186,16,227,50,1,26551,1,50,1,268584,1,156790,1,134427,1,1417402,1,11332,1,118517,1,12494,4,370248,4,80344,4,259707,4,518061,8,693087,96,51298,36,6943,1,33835,1,3607,1,0,0,0,0,0,0,0,0,105742,1,32883,1,4909,1,6863,1,55166,1,172240,1,33975,1,4198,1,6192,1,30749,1,75184,1,16333,1,235,1,9545,1,4469,1,16568,1,9545,1,48,1,1240,1,1,1,0,1,4503,1,5042,1,0,1,0,0,226517,1,464013,1,773,1,773,1,0,1,96,1,2244,1,97,1,0,1,2,1,0,1,0,1,1,1,8,1,24,1,0,1,0,1,211,1,16333,1,1,1,1,1,2294,1,18513,1,8,1,8,1,0,1,137476,1,97,1,13910,1,1023,1,128776,1,2491,1,1,1,32,1,32,1
383,2019100,4469,9545,28.988914,,0,11,8,96,35594,14508,30507,1983506,16,227,60,1,26761,1,160,1,268464,1,190464,1,135349,1,1351105,1,11141,1,133666,1,12474,4,370259,4,78811,4,239258,4,453007,8,613917,96,47842,36,5571,1,39696,1,3857,1,0,0,0,0,0,0,0,0,135269,1,36550,1,5090,1,6923,1,55316,1,172610,1,33294,1,4639,1,6272,1,29967,1,90323,1,16333,1,235,1,9545,1,4469,1,16568,1,9545,1,48,1,1240,1,1,1,0,1,4503,1,5042,1,0,1,0,0,215798,1,392271,1,776,1,776,1,0,1,96,1,2244,1,97,1,0,1,2,1,0,1,0,1,1,1,8,1,24,1,0,1,0,1,211,1,16333,1,1,1,1,1,3383,1,61248,1,8,1,8,1,0,1,115078,1,97,1,14834,1,7062,1,115456,1,15130,1,1,1,32,1,32,1
384,2031700,4469,9545,28.988914,,0,11,8,96,31432,14287,29345,2000268,16,227,150,1,29376,1,40,1,287340,1,174384,1,155147,1,1342589,1,11242,1,124097,1,12724,4,389064,4,78610,4,238306,4,446896,8,608326,96,47531,36,4499,1,30869,1,3236,1,0,0,0,0,0,0,0,0,120821,1,32943,1,5691,1,7895,1,62349,1,176858,1,40007,1,4599,1,6933,1,30929,1,79472,1,16333,1,235,1,9545,1,4469,1,16568,1,9545,1,48,1,1240,1,1,1,0,1,4503,1,5042,1,0,1,0,0,208623,1,378906,1,776,1,776,1,0,1,96,1,2244,1,97,1,0,1,2,1,0,1,0,1,1,1,8,1,24,1,0,1,0,1,211,1,16333,1,1,1,1,1,2162,1,11385,1,8,1,8,1,0,1,97242,1,97,1,13349,1,5643,1,114829,1,1072,1,1,1,32,1,32,1
385,1954800,4469,9545,28.988914,,0,11,8,96,32942,13456,30397,1921858,16,227,40,1,27322,1,40,1,268233,1,161028,1,134367,1,1319755,1,11071,1,114028,1,12424,4,354017,4,79332,4,239418,4,450803,8,611672,96,48152,36,4268,1,48833,1,3176,1,0,0,0,0,0,0,0,0,109279,1,33214,1,4959,1,6312,1,55556,1,171568,1,34526,1,4078,1,6172,1,30639,1,71026,1,16333,1,235,1,9545,1,4469,1,16568,1,9545,1,48,1,1240,1,1,1,0,1,4503,1,5042,1,0,1,0,0,210042,1,307395,1,776,1,776,1,0,1,96,1,2244,1,97,1,0,1,2,1,0,1,0,1,1,1,8,1,24,1,0,1,0,1,211,1,16333,1,1,1,1,1,2591,1,55770,1,8,1,8,1,0,1,90098,1,97,1,13316,1,6138,1,111265,1,15741,1,1,1,32,1,32,1
386,2006100,4469,9545,28.988914,,0,11,8,96,34858,14197,33261,1971242,16,227,20,1,26831,1,30,1,265458,1,175466,1,127494,1,1364441,1,11502,1,117184,1,14598,4,351693,4,79652,4,247764,4,495047,8,659074,96,50477,36,4318,1,36810,1,3176,1,0,0,0,0,0,0,0,0,123687,1,34406,1,4609,1,6032,1,54424,1,171739,1,33013,1,4218,1,5911,1,30148,1,74823,1,16333,1,235,1,9545,1,4469,1,16568,1,9545,1,48,1,1240,1,1,1,0,1,4503,1,5042,1,0,1,0,0,220455,1,333729,1,775,1,776,1,0,1,96,1,2244,1,97,1,0,1,2,1,0,1,0,1,1,1,8,1,24,1,0,1,0,1,211,1,16333,1,1,1,1,1,12920,1,18183,1,8,1,8,1,0,1,88464,1,97,1,13745,1,5907,1,115967,1,1600,1,1,1,32,1,32,1
387,2283500,4469,9545,28.988914,,0,11,8,96,32503,15480,32531,2250997,16,227,130,1,27723,1,40,1,270908,1,159425,1,144957,1,1636481,1,11332,1,147673,1,15991,4,517300,4,91776,4,279835,4,530685,8,724197,96,53793,36,4258,1,30368,1,3116,1,0,0,0,0,0,0,0,0,109229,1,32061,1,4689,1,7084,1,55176,1,175426,1,32743,1,5711,1,9027,1,30779,1,98829,1,16334,1,235,1,9545,1,4469,1,16569,1,9545,1,48,1,1240,1,1,1,0,1,4500,1,5042,1,3,1,0,0,213425,1,442992,1,776,1,776,1,0,1,96,1,2244,1,97,1,0,1,2,1,0,1,0,1,1,1,8,1,24,1,0,1,0,1,211,1,16334,1,1,1,0,1,1964,1,26532,1,8,1,8,1,0,1,128592,1,97,1,14075,1,5115,1,114515,1,2706,1,1,1,32,1,32,1
388,1910800,4469,9545,28.988914,,0,11,8,96,31724,13296,29376,1879076,16,227,40,1,27252,1,30,1,268223,1,161840,1,126953,1,1283446,1,11292,1,114469,1,12163,4,346884,4,79402,4,238647,4,441856,8,603285,96,47842,36,4208,1,29436,1,3086,1,0,0,0,0,0,0,0,0,110792,1,33604,1,4649,1,6422,1,54534,1,174374,1,32673,1,3928,1,5931,1,30889,1,71627,1,16334,1,235,1,9545,1,4469,1,16569,1,9545,1,48,1,1240,1,1,1,0,1,4503,1,5042,1,0,1,0,0,210835,1,320298,1,776,1,776,1,0,1,96,1,2244,1,97,1,0,1,2,1,0,1,0,1,1,1,8,1,24,1,0,1,0,1,211,1,16334,1,1,1,1,1,2525,1,61842,1,8,1,8,1,0,1,89303,1,97,1,13151,1,6270,1,113922,1,16450,1,1,1,32,1,32,1
389,2055800,4469,9545,28.988914,,0,11,8,96,33460,13787,36107,2022340,16,227,20,1,26751,1,20,1,263254,1,177159,1,127003,1,1416310,1,11823,1,129147,1,13295,4,349288,4,82738,4,259677,4,525205,8,693148,96,55626,36,6362,1,33194,1,3617,1,0,0,0,0,0,0,0,0,127444,1,32121,1,4629,1,6422,1,53963,1,170246,1,32292,1,3907,1,5961,1,30248,1,86806,1,16334,1,235,1,9545,1,4469,1,16569,1,9545,1,48,1,1240,1,1,1,0,1,4502,1,5042,1,1,1,0,0,250523,1,402699,1,776,1,776,1,0,1,96,1,2244,1,97,1,0,1,2,1,0,1,0,1,1,1,8,1,24,1,0,1,0,1,211,1,16334,1,1,1,1,1,2343,1,62865,1,8,1,8,1,0,1,114846,1,97,1,14240,1,3531,1,145550,1,16120,1,1,1,32,1,32,1
390,2426000,4469,9545,28.988914,,0,11,8,96,33311,13977,36659,2392689,16,227,220,1,26661,1,40,1,271780,1,179263,1,134157,1,1769125,1,11442,1,116473,1,17203,4,611540,4,96445,4,301577,4,570752,8,776808,96,58862,36,4499,1,33354,1,3306,1,0,0,0,0,0,0,0,0,123927,1,36440,1,5010,1,6783,1,57420,1,173041,1,33985,1,3917,1,6202,1,30458,1,73340,1,16334,1,235,1,9545,1,4469,1,16569,1,9545,1,48,1,1240,1,1,1,0,1,4503,1,5042,1,0,1,0,0,229611,1,408012,1,776,1,776,1,0,1,96,1,2244,1,97,1,0,1,2,1,0,1,0,1,1,1,8,1,24,1,0,1,0,1,211,1,16334,1,1,1,1,1,4340,1,49599,1,8,1,8,1,0,1,109301,1,97,1,13481,1,3795,1,127715,1,19651,1,1,1,32,1,32,1
391,1976600,4469,9545,28.988914,,0,11,8,96,31688,13626,29885,1944912,16,227,60,1,26711,1,50,1,268474,1,162250,1,139707,1,1336437,1,11221,1,114689,1,13005,4,401979,4,79121,4,236723,4,441675,8,600341,96,48172,36,4278,1,28224,1,3116,1,0,0,0,0,0,0,0,0,110572,1,33374,1,4919,1,6883,1,55576,1,171548,1,34145,1,4288,1,6512,1,30729,1,70896,1,16334,1,235,1,9545,1,4469,1,16569,1,9545,1,48,1,1240,1,1,1,0,1,4503,1,5042,1,0,1,0,0,208935,1,319572,1,776,1,776,1,0,1,96,1,2244,1,97,1,0,1,2,1,0,1,0,1,1,1,8,1,24,1,0,1,0,1,211,1,16334,1,1,1,1,1,1865,1,51546,1,8,1,8,1,0,1,87888,1,97,1,13679,1,2475,1,114400,1,12985,1,1,1,32,1,32,1
392,2072500,4469,9545,28.988914,,0,11,8,96,33328,17674,35387,2039172,16,227,40,1,27162,1,30,1,263394,1,161679,1,128646,1,1447770,1,10450,1,125540,1,13055,4,366381,4,83640,4,267001,4,517019,8,694400,96,54233,36,6603,1,46980,1,3877,1,0,0,0,0,0,0,0,0,109900,1,34215,1,4669,1,6352,1,54364,1,170306,1,32101,1,4118,1,5991,1,30478,1,82738,1,16336,1,235,1,9545,1,4469,1,16571,1,9545,1,48,1,1240,1,1,1,0,1,4502,1,5042,1,1,1,0,0,218288,1,468534,1,775,1,775,1,0,1,96,1,2244,1,97,1,0,1,2,1,0,1,0,1,1,1,8,1,24,1,0,1,0,1,211,1,16336,1,1,1,0,1,2723,1,54747,1,8,1,8,1,0,1,124221,1,97,1,13877,1,9504,1,116330,1,14949,1,1,1,32,1,32,1
393,2019800,4469,9545,28.988914,,0,11,8,96,36525,14317,30739,1983275,16,227,160,1,30308,1,40,1,308430,1,173702,1,131692,1,1327681,1,11262,1,119078,1,12464,4,370409,4,79933,4,239388,4,445874,8,606490,96,48032,36,5100,1,37512,1,3607,1,0,0,0,0,0,0,0,0,118397,1,36219,1,4689,1,8897,1,66237,1,192538,1,40097,1,4238,1,6082,1,30538,1,75795,1,16336,1,235,1,9545,1,4469,1,16571,1,9545,1,48,1,1240,1,1,1,0,1,4503,1,5042,1,0,1,0,0,213990,1,337326,1,776,1,776,1,0,1,96,1,2244,1,97,1,0,1,2,1,0,1,0,1,1,1,8,1,24,1,0,1,0,1,211,1,16336,1,1,1,1,1,5099,1,62535,1,8,1,8,1,0,1,87442,1,97,1,13481,1,6831,1,114763,1,23920,1,1,1,32,1,32,1
394,1952700,4469,9545,28.988914,,0,11,8,96,31053,13596,29184,1921647,16,227,100,1,27653,1,70,1,287801,1,157602,1,135820,1,1301190,1,11412,1,114950,1,12153,4,364788,4,79382,4,238326,4,441304,8,602485,96,47962,36,4218,1,29306,1,3166,1,0,0,0,0,0,0,0,0,107385,1,31981,1,4929,1,7605,1,60506,1,182439,1,36710,1,4078,1,6122,1,31009,1,71587,1,16336,1,235,1,9545,1,4469,1,16571,1,9545,1,48,1,1240,1,1,1,0,1,4503,1,5042,1,0,1,0,0,211872,1,310398,1,776,1,776,1,0,1,96,1,2244,1,97,1,0,1,2,1,0,1,0,1,1,1,8,1,24,1,0,1,0,1,211,1,16336,1,1,1,1,1,2360,1,18117,1,8,1,8,1,0,1,84327,1,97,1,13514,1,2409,1,114037,1,4488,1,1,1,32,1,32,1
395,2018600,4469,9545,28.988914,,0,11,8,96,33972,11582,34334,1984628,16,227,50,1,26992,1,40,1,272922,1,157020,1,125851,1,1391533,1,10220,1,117354,1,13215,4,348617,4,82518,4,252834,4,511669,8,676947,96,53222,36,6292,1,43213,1,4238,1,0,0,0,0,0,0,0,0,107075,1,32663,1,4619,1,6482,1,55867,1,178001,1,32312,1,3958,1,5711,1,31681,1,73972,1,16337,1,235,1,9545,1,4469,1,16572,1,9545,1,48,1,1240,1,1,1,0,1,4503,1,5042,1,0,1,0,0,214845,1,362571,1,775,1,775,1,0,1,96,1,2244,1,97,1,0,1,2,1,0,1,0,1,1,1,8,1,24,1,0,1,0,1,211,1,16337,1,1,1,0,1,2657,1,4422,1,8,1,8,1,0,1,93727,1,97,1,13250,1,6699,1,119646,1,2046,1,1,1,32,1,32,1
396,1963400,4469,9545,28.988914,,0,11,8,96,35030,14267,29996,1928370,16,227,150,1,27162,1,60,1,271660,1,186817,1,126432,1,1304657,1,11432,1,119489,1,12835,4,346643,4,79793,4,239458,4,449691,8,611271,96,47881,36,4198,1,35147,1,3136,1,0,0,0,0,0,0,0,0,133025,1,35368,1,4629,1,6983,1,55196,1,177129,1,32001,1,4278,1,6012,1,30068,1,77017,1,16337,1,235,1,9545,1,4469,1,16572,1,9545,1,48,1,1240,1,1,1,0,1,4503,1,5042,1,0,1,0,0,218245,1,329736,1,776,1,776,1,0,1,96,1,2244,1,97,1,0,1,2,1,0,1,0,1,1,1,8,1,24,1,0,1,0,1,211,1,16337,1,1,1,1,1,1914,1,79629,1,8,1,8,1,0,1,80988,1,97,1,13811,1,1980,1,116215,1,15130,1,1,1,32,1,32,1
397,2112500,4469,9545,28.988914,,0,11,8,96,32089,15300,30125,2080411,16,227,160,1,27202,1,30,1,296497,1,194903,1,170296,1,1379860,1,11462,1,133305,1,13285,4,386960,4,81957,4,246381,4,466022,8,633615,96,48663,36,4258,1,29266,1,3126,1,0,0,0,0,0,0,0,0,136631,1,35468,1,6282,1,6533,1,53923,1,191557,1,44225,1,4879,1,7544,1,30909,1,87327,1,16337,1,235,1,9545,1,4469,1,16572,1,9545,1,48,1,1240,1,1,1,0,1,4502,1,5042,1,1,1,0,0,212899,1,390192,1,776,1,776,1,0,1,96,1,2244,1,97,1,0,1,2,1,0,1,0,1,1,1,8,1,24,1,0,1,0,1,211,1,16337,1,1,1,1,1,3944,1,66363,1,8,1,8,1,0,1,106464,1,97,1,14438,1,5280,1,115473,1,16846,1,1,1,32,1,32,1
398,1924400,4469,9545,28.988914,,0,11,8,96,30907,11262,28953,1893493,16,227,30,1,27002,1,40,1,263394,1,156059,1,127093,1,1308985,1,10891,1,111573,1,11953,4,345842,4,78991,4,236252,4,455752,8,615140,96,47911,36,4198,1,50046,1,3116,1,0,0,0,0,0,0,0,0,106374,1,32663,1,4599,1,6402,1,53272,1,171478,1,31991,1,3787,1,5761,1,30659,1,69413,1,16336,1,235,1,9545,1,4469,1,16571,1,9545,1,48,1,1240,1,1,1,0,1,4503,1,5042,1,0,1,0,0,212086,1,344718,1,776,1,776,1,0,1,96,1,2244,1,97,1,0,1,2,1,0,1,0,1,1,1,8,1,24,1,0,1,0,1,211,1,16336,1,1,1,0,1,2442,1,21912,1,8,1,8,1,0,1,88958,1,97,1,13349,1,2343,1,113014,1,2739,1,1,1,32,1,32,1
399,1969500,4469,9545,28.988914,,0,11,8,96,36501,13506,29887,1932999,16,227,40,1,26521,1,160,1,259917,1,175846,1,119499,1,1339413,1,11602,1,123065,1,12754,4,341213,4,79302,4,253215,4,472624,8,647901,96,48052,36,4939,1,35237,1,3557,1,0,0,0,0,0,0,0,0,125010,1,33334,1,4358,1,6683,1,52070,1,170687,1,30178,1,3757,1,5601,1,30128,1,81346,1,16336,1,235,1,9545,1,4469,1,16571,1,9545,1,48,1,1240,1,1,1,0,1,4503,1,5042,1,0,1,0,0,208471,1,457545,1,776,1,776,1,0,1,96,1,2244,1,97,1,0,1,2,1,0,1,0,1,1,1,8,1,24,1,0,1,0,1,211,1,16336,1,1,1,1,1,2888,1,61710,1,8,1,8,1,0,1,113682,1,97,1,13877,1,9339,1,113278,1,13447,1,1,1,32,1,32,1
400,2094700,4469,9545,28.988914,,0,11,8,96,30981,13817,30728,2063719,16,227,70,1,27863,1,20,1,273954,1,168442,1,142974,1,1438843,1,11552,1,117856,1,12924,4,435784,4,81436,4,260939,4,478987,8,661216,96,47982,36,4218,1,29757,1,3126,1,0,0,0,0,0,0,0,0,113607,1,35768,1,5260,1,7474,1,59544,1,170366,1,36129,1,4358,1,6553,1,30779,1,74042,1,16336,1,235,1,9545,1,4469,1,16571,1,9545,1,48,1,1240,1,1,1,0,1,4503,1,5042,1,0,1,0,0,212174,1,326799,1,776,1,776,1,0,1,96,1,2244,1,97,1,0,1,2,1,0,1,0,1,1,1,8,1,24,1,0,1,0,1,211,1,16336,1,1,1,1,1,2987,1,10956,1,8,1,8,1,0,1,83480,1,97,1,12821,1,2244,1,113410,1,2508,1,1,1,32,1,32,1
401,1920300,4469,9545,28.988914,,0,11,8,96,32267,13236,29124,1888033,16,227,40,1,27042,1,40,1,263614,1,154315,1,128015,1,1304196,1,10771,1,113557,1,12303,4,370218,4,80835,4,237975,4,440583,8,601472,96,47961,36,4208,1,28164,1,3116,1,0,0,0,0,0,0,0,0,104801,1,32222,1,4619,1,6563,1,53883,1,171017,1,31901,1,4068,1,5911,1,30999,1,70495,1,16336,1,235,1,9545,1,4469,1,16571,1,9545,1,48,1,1240,1,1,1,0,1,4502,1,5042,1,1,1,0,0,209349,1,312213,1,776,1,776,1,0,1,96,1,2244,1,97,1,0,1,2,1,0,1,0,1,1,1,8,1,24,1,0,1,0,1,211,1,16336,1,1,1,1,1,1667,1,627,1,8,1,8,1,0,1,88085,1,97,1,13316,1,5973,1,113921,1,627,1,1,1,32,1,32,1
402,1993500,4469,9545,28.988914,,0,11,8,96,31736,13746,31298,1961764,16,227,30,1,27192,1,30,1,260519,1,152402,1,127103,1,1382616,1,11873,1,128736,1,12263,4,349729,4,78440,4,261811,4,495648,8,677718,96,48443,36,4639,1,34145,1,3457,1,0,0,0,0,0,0,0,0,101564,1,33264,1,4599,1,6603,1,53753,1,168543,1,31410,1,4008,1,5921,1,30298,1,86355,1,16336,1,235,1,9545,1,4469,1,16571,1,9545,1,48,1,1240,1,1,1,0,1,4502,1,5042,1,1,1,0,0,210625,1,498960,1,776,1,776,1,0,1,96,1,2244,1,97,1,0,1,2,1,0,1,0,1,1,1,8,1,24,1,0,1,0,1,211,1,16336,1,1,1,1,1,2492,1,12507,1,8,1,8,1,0,1,129582,1,97,1,13745,1,8910,1,117549,1,594,1,1,1,32,1,32,1
403,2382900,4469,9545,28.988914,,0,11,8,96,31871,16151,35818,2351029,16,227,100,1,27432,1,30,1,267702,1,172400,1,152873,1,1719039,1,11452,1,160557,1,16071,4,534363,4,98879,4,299213,4,550944,8,758592,96,55747,36,4549,1,35017,1,3296,1,0,0,0,0,0,0,0,0,116693,1,36530,1,4929,1,7194,1,57570,1,169605,1,33083,1,6492,1,10089,1,31560,1,109079,1,16337,1,235,1,9545,1,4469,1,16572,1,9545,1,48,1,1240,1,1,1,0,1,4503,1,5042,1,0,1,0,0,217738,1,479985,1,776,1,776,1,0,1,96,1,2244,1,97,1,0,1,2,1,0,1,0,1,1,1,8,1,24,1,0,1,0,1,211,1,16337,1,1,1,0,1,2195,1,51051,1,8,1,8,1,0,1,110607,1,97,1,14504,1,11616,1,116066,1,13266,1,1,1,32,1,32,1
404,2085700,4469,9545,28.988914,,0,11,8,96,33583,14759,32550,2052117,16,227,130,1,32572,1,70,1,312137,1,175726,1,163082,1,1358229,1,10169,1,119639,1,13816,4,405496,4,80023,4,237625,4,447086,8,604729,96,47431,36,4579,1,31921,1,3286,1,0,0,0,0,0,0,0,0,110962,1,42952,1,5771,1,8556,1,66257,1,196256,1,40528,1,4499,1,7043,1,31621,1,73791,1,16337,1,235,1,9545,1,4469,1,16572,1,9545,1,48,1,1240,1,1,1,0,1,4503,1,5042,1,0,1,0,0,209142,1,349371,1,776,1,776,1,0,1,96,1,2244,1,97,1,0,1,2,1,0,1,0,1,1,1,8,1,24,1,0,1,0,1,211,1,16337,1,1,1,1,1,5478,1,16038,1,8,1,8,1,0,1,90415,1,97,1,13497,1,5610,1,111887,1,1716,1,1,1,32,1,32,1
405,2167500,4469,9545,28.988914,,0,11,8,96,35160,14759,36506,2132340,16,227,130,1,31140,1,60,1,302689,1,169875,1,145549,1,1471796,1,11101,1,127213,1,14658,4,383824,4,87467,4,278944,4,515406,8,704071,96,53773,36,4959,1,40067,1,4499,1,0,0,0,0,0,0,0,0,110682,1,32743,1,5300,1,7905,1,66798,1,190495,1,36891,1,4248,1,6693,1,30508,1,83099,1,16337,1,235,1,9545,1,4469,1,16572,1,9545,1,48,1,1240,1,1,1,0,1,4503,1,5042,1,0,1,0,0,222184,1,333861,1,776,1,776,1,0,1,96,1,2244,1,97,1,0,1,2,1,0,1,0,1,1,1,8,1,24,1,0,1,0,1,211,1,16337,1,1,1,1,1,2755,1,1353,1,8,1,8,1,0,1,100354,1,97,1,15642,1,4785,1,122859,1,1353,1,1,1,32,1,32,1
406,2326600,4469,9545,28.988914,,0,11,8,96,33036,13315,36098,2293564,16,227,80,1,27242,1,40,1,280797,1,199331,1,142783,1,1632258,1,11031,1,120521,1,14317,4,469989,4,88139,4,255208,4,598530,8,763016,96,54624,36,8376,1,58031,1,5831,1,0,0,0,0,0,0,0,0,134257,1,44816,1,4599,1,6853,1,56188,1,184283,1,32773,1,4288,1,5651,1,30298,1,77799,1,16337,1,235,1,9545,1,4469,1,16572,1,9545,1,48,1,1240,1,1,1,0,1,4503,1,5042,1,0,1,0,0,221383,1,616786,1,776,1,776,1,0,1,96,1,2244,1,97,1,0,1,2,1,0,1,0,1,1,1,8,1,24,1,0,1,0,1,211,1,16337,1,1,1,1,1,4339,1,80586,1,8,1,8,1,0,1,100087,1,97,1,13183,1,2838,1,115352,1,15708,1,1,1,32,1,32,1
407,2138800,4469,9545,28.988914,,0,11,8,96,31447,13857,31027,2107353,16,227,110,1,44415,1,70,1,402250,1,161890,1,135680,1,1351907,1,11031,1,115862,1,12203,4,370409,4,79232,4,245550,4,474989,8,641520,96,47992,36,4549,1,32001,1,3256,1,0,0,0,0,0,0,0,0,110662,1,32622,1,4970,1,11913,1,98959,1,257212,1,33594,1,4158,1,6272,1,30829,1,72318,1,16337,1,235,1,9545,1,4469,1,16572,1,9545,1,48,1,1240,1,1,1,0,1,4503,1,5042,1,0,1,0,0,205986,1,394614,1,776,1,776,1,0,1,96,1,2244,1,97,1,0,1,2,1,0,1,0,1,1,1,8,1,24,1,0,1,0,1,211,1,16337,1,1,1,1,1,2294,1,56859,1,8,1,8,1,0,1,97768,1,97,1,12524,1,1320,1,110753,1,13183,1,1,1,32,1,32,1
408,2071500,4469,9545,28.988914,,0,11,8,96,31096,13636,35989,2040404,16,227,30,1,26891,1,50,1,274866,1,156439,1,126963,1,1444083,1,11081,1,114208,1,12624,4,392090,4,82418,4,266229,4,521217,8,697534,96,53923,36,6252,1,32192,1,3216,1,0,0,0,0,0,0,0,0,107436,1,31300,1,4579,1,6843,1,56097,1,180255,1,31390,1,4068,1,5911,1,30869,1,71306,1,16337,1,235,1,9545,1,4469,1,16572,1,9545,1,48,1,1240,1,1,1,0,1,4502,1,5042,1,1,1,0,0,227171,1,428175,1,775,1,775,1,0,1,96,1,2244,1,97,1,0,1,2,1,0,1,0,1,1,1,8,1,24,1,0,1,0,1,211,1,16337,1,1,1,1,1,1997,1,18216,1,8,1,8,1,0,1,117273,1,97,1,13976,1,2673,1,126229,1,3778,1,1,1,32,1,32,1
409,2389900,4469,9545,28.988914,,0,11,8,96,34583,13506,38303,2355317,16,227,80,1,27352,1,30,1,276409,1,177480,1,137203,1,1725332,1,11432,1,119338,1,15610,4,531948,4,106394,4,304503,4,590680,8,796725,96,60155,36,4459,1,35578,1,3316,1,0,0,0,0,0,0,0,0,116703,1,41109,1,4980,1,7324,1,58382,1,176788,1,33464,1,4098,1,5911,1,30338,1,76777,1,16337,1,235,1,9545,1,4469,1,16572,1,9545,1,48,1,1240,1,1,1,0,1,4503,1,5042,1,0,1,0,0,221064,1,412533,1,776,1,776,1,0,1,96,1,2244,1,97,1,0,1,2,1,0,1,0,1,1,1,8,1,24,1,0,1,0,1,211,1,16337,1,1,1,1,1,2492,1,68442,1,8,1,8,1,0,1,109439,1,97,1,13283,1,2343,1,114796,1,14635,1,1,1,32,1,32,1
410,1953500,4469,9545,28.988914,,0,11,8,96,31081,13556,28804,1922419,16,227,60,1,26661,1,50,1,270387,1,163904,1,134377,1,1315918,1,11061,1,113998,1,12354,4,372513,4,79312,4,238416,4,447266,8,608345,96,48533,36,4489,1,30779,1,3236,1,0,0,0,0,0,0,0,0,112105,1,33344,1,4919,1,6973,1,55817,1,174835,1,32522,1,4188,1,6262,1,30759,1,70736,1,16337,1,235,1,9545,1,4469,1,16572,1,9545,1,48,1,1240,1,1,1,0,1,4503,1,5042,1,0,1,0,0,212003,1,356169,1,776,1,776,1,0,1,96,1,2244,1,97,1,0,1,2,1,0,1,0,1,1,1,8,1,24,1,0,1,0,1,211,1,16337,1,1,1,1,1,1997,1,57453,1,8,1,8,1,0,1,100743,1,97,1,13646,1,990,1,114532,1,15295,1,1,1,32,1,32,1
411,2017400,4469,9545,28.988914,,0,11,8,96,31059,13636,35395,1986341,16,227,40,1,27553,1,40,1,270007,1,158082,1,135740,1,1383648,1,11231,1,114619,1,13456,4,367994,4,81967,4,262713,4,489176,8,662100,96,54394,36,4218,1,32813,1,3056,1,0,0,0,0,0,0,0,0,106684,1,33003,1,4919,1,6833,1,55887,1,173612,1,33404,1,4188,1,6202,1,30759,1,71437,1,16337,1,235,1,9545,1,4469,1,16572,1,9545,1,48,1,1240,1,1,1,0,1,4503,1,5042,1,0,1,0,0,226202,1,332607,1,775,1,776,1,0,1,96,1,2244,1,97,1,0,1,2,1,0,1,0,1,1,1,8,1,24,1,0,1,0,1,211,1,16337,1,1,1,1,1,2063,1,50325,1,8,1,8,1,0,1,94910,1,97,1,13085,1,330,1,128194,1,13480,1,1,1,32,1,32,1
412,2361300,4469,9545,28.988914,,0,11,8,96,34578,13506,36358,2326722,16,227,50,1,26731,1,40,1,268734,1,184954,1,132694,1,1702117,1,11402,1,127935,1,14237,4,512150,4,96124,4,295966,4,572546,8,774543,96,57610,36,8737,1,55085,1,5831,1,0,0,0,0,0,0,0,0,126793,1,39195,1,4659,1,6452,1,55316,1,173362,1,33294,1,3938,1,5821,1,30398,1,84912,1,16337,1,235,1,9545,1,4469,1,16572,1,9545,1,48,1,1240,1,1,1,0,1,4503,1,5042,1,0,1,0,0,225603,1,394053,1,776,1,776,1,0,1,96,1,2244,1,97,1,0,1,2,1,0,1,0,1,1,1,8,1,24,1,0,1,0,1,211,1,16337,1,1,1,1,1,4686,1,49467,1,8,1,8,1,0,1,99983,1,97,1,14009,1,429,1,124647,1,20443,1,1,1,32,1,32,1
413,1974100,4469,9545,28.988914,,0,11,8,96,31623,13666,29586,1942477,16,227,60,1,26891,1,40,1,271830,1,155177,1,135259,1,1342248,1,10971,1,116994,1,12504,4,396619,4,79111,4,237184,4,446675,8,606552,96,47721,36,4829,1,31350,1,3316,1,0,0,0,0,0,0,0,0,105051,1,31961,1,4939,1,6883,1,56248,1,173552,1,34797,1,4459,1,6252,1,31450,1,72749,1,16337,1,235,1,9545,1,4469,1,16572,1,9545,1,48,1,1240,1,1,1,0,1,4502,1,5042,1,1,1,0,0,216873,1,328416,1,776,1,776,1,0,1,96,1,2244,1,97,1,0,1,2,1,0,1,0,1,1,1,8,1,24,1,0,1,0,1,211,1,16337,1,1,1,1,1,2129,1,11616,1,8,1,8,1,0,1,87621,1,97,1,13415,1,6501,1,115555,1,1072,1,1,1,32,1,32,1
414,2019800,4469,9545,28.988914,,0,11,8,96,30493,13716,32693,1989307,16,227,40,1,26621,1,30,1,268323,1,154496,1,135339,1,1393577,1,10881,1,113607,1,12394,4,392531,4,80714,4,253956,4,483395,8,653301,96,51357,36,6142,1,33815,1,3306,1,0,0,0,0,0,0,0,0,104059,1,32412,1,4909,1,6743,1,56438,1,170757,1,34115,1,4228,1,6202,1,30669,1,70385,1,16337,1,235,1,9545,1,4469,1,16572,1,9545,1,48,1,1240,1,1,1,0,1,4503,1,5042,1,0,1,0,0,212106,1,344223,1,776,1,776,1,0,1,96,1,2244,1,97,1,0,1,2,1,0,1,0,1,1,1,8,1,24,1,0,1,0,1,211,1,16337,1,1,1,1,1,2360,1,12837,1,8,1,8,1,0,1,99614,1,97,1,13415,1,1881,1,112338,1,742,1,1,1,32,1,32,1
415,2103500,4469,9545,28.988914,,0,11,8,96,32076,14017,31019,2071424,16,227,60,1,27012,1,60,1,270528,1,165998,1,134187,1,1462609,1,10971,1,132874,1,13225,4,396839,4,83790,4,264626,4,493775,8,676876,96,50506,36,7785,1,50457,1,5220,1,0,0,0,0,0,0,0,0,111634,1,35849,1,4909,1,6973,1,56428,1,172300,1,34456,1,4759,1,6192,1,30498,1,89080,1,16337,1,235,1,9545,1,4469,1,16572,1,9545,1,48,1,1240,1,1,1,0,1,4503,1,5042,1,0,1,0,0,217799,1,462198,1,775,1,775,1,0,1,96,1,2244,1,97,1,0,1,2,1,0,1,0,1,1,1,8,1,24,1,0,1,0,1,211,1,16337,1,1,1,1,1,3416,1,10824,1,8,1,8,1,0,1,122552,1,97,1,14537,1,6105,1,118360,1,1155,1,1,1,32,1,32,1
416,2114500,4469,9545,28.988914,,0,11,8,96,31624,13525,29406,2082876,16,227,70,1,39095,1,30,1,370248,1,215482,1,134728,1,1312321,1,10901,1,116473,1,12684,4,373124,4,79522,4,237755,4,439782,8,600159,96,47972,36,4509,1,31681,1,3266,1,0,0,0,0,0,0,0,0,150799,1,36911,1,7745,1,10721,1,82869,1,222305,1,54094,1,4138,1,6252,1,31290,1,72729,1,16337,1,235,1,9545,1,4469,1,16572,1,9545,1,48,1,1240,1,1,1,0,1,4502,1,5042,1,1,1,0,0,209333,1,332640,1,776,1,776,1,0,1,96,1,2244,1,97,1,0,1,2,1,0,1,0,1,1,1,8,1,24,1,0,1,0,1,211,1,16337,1,1,1,1,1,4076,1,495,1,8,1,8,1,0,1,85332,1,97,1,13712,1,2244,1,114532,1,495,1,1,1,32,1,32,1
417,1963900,4469,9545,28.988914,,0,11,8,96,31542,13496,31200,1932358,16,227,20,1,27072,1,40,1,267612,1,155478,1,135139,1,1335736,1,11262,1,112786,1,12384,4,366091,4,79071,4,239528,4,474608,8,630125,96,52811,36,6042,1,28675,1,3056,1,0,0,0,0,0,0,0,0,104260,1,32913,1,4919,1,6512,1,56157,1,171148,1,33504,1,4258,1,6192,1,30789,1,69453,1,16337,1,235,1,9545,1,4469,1,16572,1,9545,1,48,1,1240,1,1,1,0,1,4503,1,5042,1,0,1,0,0,235741,1,343827,1,776,1,776,1,0,1,96,1,2244,1,97,1,0,1,2,1,0,1,0,1,1,1,8,1,24,1,0,1,0,1,211,1,16337,1,1,1,1,1,1865,1,13860,1,8,1,8,1,0,1,93216,1,97,1,13448,1,4620,1,128491,1,940,1,1,1,32,1,32,1
418,2187400,4469,9545,28.988914,,0,11,8,96,42456,16231,32500,2144944,16,227,170,1,39115,1,60,1,303681,1,204972,1,158323,1,1427211,1,11412,1,128375,1,14257,4,408301,4,80344,4,261651,4,471502,8,652491,96,48162,36,4669,1,38093,1,3787,1,0,0,0,0,0,0,0,0,118196,1,63091,1,5731,1,7895,1,63241,1,192348,1,39626,1,4549,1,7053,1,30238,1,83510,1,16337,1,235,1,9545,1,4469,1,16572,1,9545,1,48,1,1240,1,1,1,0,1,4502,1,5042,1,1,1,0,0,218645,1,408144,1,776,1,776,1,0,1,96,1,2244,1,97,1,0,1,2,1,0,1,0,1,1,1,8,1,24,1,0,1,0,1,211,1,16337,1,1,1,1,1,4703,1,1254,1,8,1,8,1,0,1,102108,1,97,1,13514,1,2013,1,119037,1,1254,1,1,1,32,1,32,1
419,2210200,4469,9545,28.988914,,0,11,8,96,32082,16582,29856,2178118,16,227,50,1,32212,1,50,1,356693,1,205253,1,188060,1,1384830,1,10971,1,139156,1,13606,4,412860,4,78720,4,241161,4,441415,8,605280,96,47441,36,4519,1,33464,1,3346,1,0,0,0,0,0,0,0,0,141711,1,38073,1,6953,1,9538,1,79342,1,218228,1,48954,1,5170,1,8206,1,30899,1,91906,1,16337,1,235,1,9545,1,4469,1,16572,1,9545,1,48,1,1240,1,1,1,0,1,4503,1,5042,1,0,1,0,0,209712,1,345015,1,776,1,776,1,0,1,96,1,2244,1,97,1,0,1,2,1,0,1,0,1,1,1,8,1,24,1,0,1,0,1,211,1,16337,1,1,1,1,1,4076,1,25278,1,8,1,8,1,0,1,99456,1,97,1,13943,1,4389,1,114978,1,2788,1,1,1,32,1,32,1
420,1925700,4469,9545,28.988914,,0,11,8,96,29652,13446,29657,1896048,16,227,10,1,26871,1,30,1,277311,1,160758,1,134838,1,1284879,1,11352,1,113016,1,12043,4,351002,4,78791,4,235831,4,442908,8,601331,96,47751,36,4218,1,30518,1,3106,1,0,0,0,0,0,0,0,0,109149,1,32863,1,4929,1,6643,1,57470,1,178672,1,34246,1,4619,1,6222,1,30669,1,69453,1,16337,1,235,1,9545,1,4469,1,16572,1,9545,1,48,1,1240,1,1,1,0,1,4502,1,5042,1,1,1,0,0,211710,1,320001,1,776,1,776,1,0,1,96,1,2244,1,97,1,0,1,2,1,0,1,0,1,1,1,8,1,24,1,0,1,0,1,211,1,16337,1,1,1,1,1,2525,1,58674,1,8,1,8,1,0,1,84257,1,97,1,13217,1,429,1,113493,1,17473,1,1,1,32,1,32,1
421,2041900,4468,9545,28.988914,,0,11,8,96,32956,9528,36628,2008944,16,227,40,1,27092,1,20,1,270407,1,171749,1,125099,1,1403065,1,11472,1,120430,1,13315,4,352645,4,84371,4,272592,4,506299,8,688800,96,53462,36,5450,1,34997,1,3437,1,0,0,0,0,0,0,0,0,121693,1,32422,1,4589,1,6603,1,53633,1,178271,1,31631,1,4368,1,6132,1,29987,1,77969,1,16339,1,232,1,9545,1,4468,1,16571,1,9545,1,48,1,1240,1,1,1,0,1,4503,1,5042,1,0,1,0,0,216559,1,371778,1,775,1,775,1,0,1,96,1,2268,1,97,1,0,1,2,1,0,1,0,1,1,1,8,1,24,1,0,1,0,1,208,1,16339,1,0,1,0,1,2261,1,8877,1,8,1,8,1,0,1,100777,1,97,1,13481,1,9372,1,114482,1,2772,1,1,1,32,1,32,1
422,2312800,4468,9545,28.988914,,0,11,8,96,30833,17063,33203,2281967,16,227,200,1,27813,1,60,1,279014,1,163092,1,144987,1,1655358,1,11442,1,152492,1,15850,4,521167,4,90944,4,280006,4,536256,8,729637,96,53422,36,4519,1,33674,1,3386,1,0,0,0,0,0,0,0,0,109710,1,34787,1,4939,1,7645,1,58632,1,176899,1,35157,1,5711,1,9669,1,30969,1,102877,1,16340,1,232,1,9545,1,4468,1,16572,1,9545,1,48,1,1240,1,1,1,0,1,4503,1,5042,1,0,1,0,0,207254,1,447447,1,776,1,776,1,0,1,96,1,2256,1,97,1,0,1,2,1,0,1,0,1,1,1,8,1,24,1,0,1,0,1,208,1,16340,1,1,1,0,1,2822,1,25476,1,8,1,8,1,0,1,122814,1,97,1,14108,1,8943,1,113360,1,2689,1,1,1,32,1,32,1
423,1940000,4468,9545,28.988914,,0,11,8,96,30266,13646,30278,1909734,16,227,70,1,26901,1,50,1,270698,1,158553,1,133095,1,1309105,1,11262,1,114439,1,12544,4,371321,4,79111,4,237334,4,442487,8,601672,96,47871,36,4489,1,30418,1,3316,1,0,0,0,0,0,0,0,0,107385,1,33204,1,4919,1,6753,1,56007,1,174143,1,33464,1,4208,1,6212,1,30809,1,71126,1,16340,1,232,1,9545,1,4468,1,16572,1,9545,1,48,1,1240,1,1,1,0,1,4503,1,5042,1,0,1,0,0,209701,1,304788,1,776,1,776,1,0,1,96,1,2256,1,97,1,0,1,2,1,0,1,0,1,1,1,8,1,24,1,0,1,0,1,208,1,16340,1,1,1,1,1,2426,1,29964,1,8,1,8,1,0,1,78943,1,97,1,13448,1,2079,1,114532,1,1584,1,1,1,32,1,32,1
424,2054100,4468,9545,28.988914,,0,11,8,96,30909,13786,34884,2023191,16,227,40,1,27102,1,40,1,267121,1,157772,1,133185,1,1426510,1,11422,1,123116,1,12855,4,374426,4,84071,4,270247,4,503503,8,687298,96,51569,36,6382,1,34706,1,3417,1,0,0,0,0,0,0,0,0,107957,1,31240,1,4959,1,6793,1,54584,1,171468,1,33985,1,4058,1,6222,1,30238,1,80294,1,16340,1,232,1,9545,1,4468,1,16572,1,9545,1,48,1,1240,1,1,1,0,1,4503,1,5042,1,0,1,0,0,210936,1,410652,1,776,1,776,1,0,1,96,1,2256,1,97,1,0,1,2,1,0,1,0,1,1,1,8,1,24,1,0,1,0,1,208,1,16340,1,1,1,1,1,1964,1,53130,1,8,1,8,1,0,1,102574,1,97,1,13778,1,4092,1,114993,1,13134,1,1,1,32,1,32,1
425,2502900,4468,9545,28.988914,,0,11,8,96,41781,14758,39616,2461119,16,227,200,1,32412,1,100,1,328408,1,172560,1,171137,1,1745320,1,10981,1,123296,1,17934,4,591512,4,98719,4,277401,4,580571,8,757741,96,60616,36,4579,1,33274,1,3276,1,0,0,0,0,0,0,0,0,111113,1,37422,1,6252,1,9047,1,73090,1,201496,1,44034,1,4939,1,7554,1,30448,1,77669,1,16341,1,232,1,9545,1,4468,1,16573,1,9545,1,48,1,1240,1,1,1,0,1,4503,1,5042,1,0,1,0,0,223638,1,355509,1,776,1,776,1,0,1,96,1,2256,1,97,1,0,1,2,1,0,1,0,1,1,1,8,1,24,1,0,1,0,1,208,1,16341,1,1,1,0,1,5165,1,20460,1,8,1,8,1,0,1,89359,1,97,1,13844,1,3663,1,118013,1,3877,1,1,1,32,1,32,1
426,1987800,4468,9545,28.988918,,0,11,8,96,32789,14016,30048,1955011,16,227,40,1,26661,1,60,1,279595,1,160247,1,143835,1,1333672,1,10901,1,115391,1,12694,4,393874,4,79212,4,240280,4,438009,8,600860,96,47380,36,4519,1,32352,1,3326,1,0,0,0,0,0,0,0,0,105532,1,34726,1,5430,1,6983,1,56097,1,181638,1,34626,1,4248,1,6553,1,30759,1,71427,1,16341,1,232,1,9545,1,4468,1,16573,1,9545,1,48,1,1240,1,1,1,0,1,4502,1,5042,1,1,1,0,0,206001,1,313863,1,776,1,776,1,0,1,96,1,2256,1,97,1,0,1,2,1,0,1,0,1,1,1,8,1,24,1,0,1,0,1,208,1,16341,1,1,1,1,1,2063,1,8712,1,8,1,8,1,0,1,90609,1,97,1,13151,1,2937,1,112585,1,2112,1,1,1,32,1,32,1
427,2210500,4468,9545,28.988918,,0,11,8,96,33494,14317,37470,2177006,16,227,120,1,27072,1,40,1,276509,1,166639,1,151300,1,1542922,1,12404,1,134077,1,12774,4,389646,4,83360,4,279254,4,575502,8,762831,96,54454,36,6723,1,43623,1,3647,1,0,0,0,0,0,0,0,0,108608,1,36680,1,5821,1,8186,1,56368,1,177480,1,34195,1,4569,1,6773,1,30258,1,90122,1,16341,1,232,1,9545,1,4468,1,16573,1,9545,1,48,1,1240,1,1,1,0,1,4501,1,5042,1,2,1,0,0,223012,1,513051,1,774,1,776,1,0,1,96,1,2268,1,97,1,0,1,2,1,0,1,0,1,1,1,8,1,24,1,0,1,0,1,208,1,16341,1,1,1,0,1,2393,1,45672,1,8,1,8,1,0,1,127038,1,97,1,14372,1,6435,1,118774,1,15394,1,1,1,32,1,32,1
428,2463900,4468,9545,28.988918,,0,11,8,96,32387,10681,37921,2431513,16,227,150,1,28404,1,20,1,277611,1,191376,1,153514,1,1769336,1,11101,1,122204,1,16472,4,612883,4,96755,4,311406,4,556475,8,772570,96,57390,36,4568,1,34646,1,3246,1,0,0,0,0,0,0,0,0,129929,1,40257,1,5390,1,9127,1,60686,1,170917,1,36400,1,4158,1,6703,1,30969,1,77929,1,16343,1,232,1,9545,1,4468,1,16575,1,9545,1,48,1,1240,1,1,1,0,1,4502,1,5042,1,1,1,0,0,232138,1,357225,1,776,1,776,1,0,1,96,1,2256,1,97,1,0,1,2,1,0,1,0,1,1,1,8,1,24,1,0,1,0,1,208,1,16343,1,1,1,0,1,2426,1,57948,1,8,1,8,1,0,1,90594,1,97,1,13415,1,990,1,127418,1,17209,1,1,1,32,1,32,1
429,1952900,4468,9545,28.988918,,0,11,8,96,31553,11442,29987,1921347,16,227,40,1,28164,1,140,1,273423,1,159345,1,136291,1,1312822,1,11121,1,113157,1,12774,4,373084,4,79372,4,236352,4,448578,8,606692,96,48252,36,4258,1,30699,1,3106,1,0,0,0,0,0,0,0,0,108057,1,32973,1,4949,1,8426,1,57019,1,173592,1,34045,1,4068,1,6052,1,30869,1,70044,1,16342,1,232,1,9545,1,4468,1,16574,1,9545,1,48,1,1240,1,1,1,0,1,4502,1,5042,1,1,1,0,0,211658,1,331353,1,776,1,776,1,0,1,96,1,2268,1,97,1,0,1,2,1,0,1,0,1,1,1,8,1,24,1,0,1,0,1,208,1,16342,1,1,1,0,1,2129,1,22935,1,8,1,8,1,0,1,84634,1,97,1,13514,1,330,1,114516,1,2739,1,1,1,32,1,32,1
430,2067400,4468,9545,28.988918,,0,11,8,96,35071,13736,34073,2032329,16,227,40,1,27422,1,10,1,266320,1,158533,1,128496,1,1441839,1,9669,1,120992,1,12664,4,372342,4,85554,4,282591,4,496220,8,691255,96,53482,36,7084,1,46920,1,3737,1,0,0,0,0,0,0,0,0,107596,1,33163,1,4649,1,7975,1,53232,1,172741,1,32091,1,4158,1,6202,1,30869,1,77378,1,16342,1,232,1,9545,1,4468,1,16574,1,9545,1,48,1,1240,1,1,1,0,1,4503,1,5042,1,0,1,0,0,226400,1,462726,1,776,1,776,1,0,1,96,1,2268,1,97,1,0,1,2,1,0,1,0,1,1,1,8,1,24,1,0,1,0,1,208,1,16342,1,1,1,1,1,2360,1,49500,1,8,1,8,1,0,1,127585,1,97,1,15890,1,2409,1,126482,1,16120,1,1,1,32,1,32,1
431,2546900,4468,9545,28.988918,,0,11,8,96,35715,14878,40146,2511185,16,227,200,1,29727,1,60,1,309492,1,171919,1,157722,1,1831545,1,10520,1,138906,1,17604,4,594999,4,104891,4,299082,4,577886,8,771888,96,64934,36,10260,1,66277,1,6763,1,0,0,0,0,0,0,0,0,112225,1,37291,1,5891,1,9097,1,66998,1,193360,1,39365,1,4569,1,7053,1,30558,1,93449,1,16343,1,232,1,9545,1,4468,1,16575,1,9545,1,48,1,1240,1,1,1,0,1,4501,1,5042,1,2,1,0,0,241228,1,401082,1,775,1,775,1,0,1,96,1,2268,1,97,1,0,1,2,1,0,1,0,1,1,1,8,1,24,1,0,1,0,1,208,1,16343,1,1,1,0,1,5561,1,28710,1,8,1,8,1,0,1,117607,1,97,1,17276,1,4851,1,131180,1,3663,1,1,1,32,1,32,1
432,2085100,4468,9545,28.988918,,0,11,8,96,34747,10971,38823,2050353,16,227,110,1,31570,1,30,1,290255,1,169985,1,151159,1,1396713,1,10530,1,118427,1,13015,4,438319,4,81035,4,250870,4,443739,8,605019,96,50767,36,4829,1,32172,1,3336,1,0,0,0,0,0,0,0,0,117004,1,32482,1,5491,1,8797,1,61397,1,183531,1,35989,1,4388,1,6442,1,30699,1,74232,1,16345,1,232,1,9545,1,4468,1,16577,1,9545,1,48,1,1240,1,1,1,0,1,4502,1,5042,1,1,1,0,0,217413,1,285945,1,776,1,776,1,0,1,96,1,2268,1,97,1,0,1,2,1,0,1,0,1,1,1,8,1,24,1,0,1,0,1,208,1,16345,1,1,1,0,1,4257,1,64350,1,8,1,8,1,0,1,84641,1,97,1,13035,1,1386,1,109676,1,15823,1,1,1,32,1,32,1
433,2214600,4468,9545,28.988918,,0,11,8,96,36382,14868,39232,2178218,16,227,150,1,30649,1,40,1,308991,1,168587,1,155868,1,1502180,1,11752,1,142257,1,13075,4,406318,4,85694,4,276399,4,513432,8,694872,96,55727,36,6553,1,39796,1,3787,1,0,0,0,0,0,0,0,0,111819,1,35368,1,5751,1,9909,1,67399,1,192188,1,38955,1,4609,1,7064,1,30168,1,97542,1,16345,1,232,1,9545,1,4468,1,16577,1,9545,1,48,1,1240,1,1,1,0,1,4503,1,5042,1,0,1,0,0,238295,1,356714,1,775,1,776,1,0,1,96,1,2268,1,97,1,0,1,2,1,0,1,0,1,1,1,8,1,24,1,0,1,0,1,208,1,16345,1,1,1,1,1,1864,1,57304,1,8,1,8,1,0,1,117466,1,97,1,16653,1,9702,1,134804,1,14845,1,1,1,32,1,32,1
434,2451800,4469,9545,28.988918,,0,11,8,96,34229,10139,37441,2417571,16,227,30,1,28905,1,80,1,289604,1,176553,1,152822,1,1758124,1,11452,1,126973,1,16702,4,563909,4,100001,4,288532,4,580050,8,770956,96,60185,36,8657,1,57420,1,5741,1,0,0,0,0,0,0,0,0,118622,1,35628,1,5761,1,9378,1,62239,1,181427,1,35969,1,4388,1,7454,1,30849,1,81716,1,16344,1,233,1,9545,1,4469,1,16577,1,9545,1,48,1,1240,1,1,1,0,1,4503,1,5042,1,0,1,0,0,219750,1,364815,1,776,1,776,1,0,1,96,1,2232,1,97,1,0,1,2,1,0,1,0,1,1,1,8,1,28,1,0,1,0,1,205,1,16344,1,0,1,0,1,4537,1,74398,1,8,1,8,1,0,1,89455,1,97,1,13646,1,5808,1,115984,1,18595,1,1,1,32,1,32,1
435,1991000,4469,9545,28.988918,,0,11,8,96,30859,13125,30485,1960141,16,227,130,1,27312,1,60,1,286699,1,156840,1,134207,1,1343661,1,11231,1,116062,1,12544,4,400837,4,79282,4,238366,4,443549,8,602927,96,48503,36,4759,1,31901,1,3236,1,0,0,0,0,0,0,0,0,108027,1,30448,1,4909,1,7665,1,58542,1,185615,1,34326,1,4108,1,6162,1,30809,1,72789,1,16343,1,233,1,9545,1,4469,1,16576,1,9545,1,48,1,1240,1,1,1,0,1,4503,1,5042,1,0,1,0,0,210278,1,352275,1,776,1,776,1,0,1,96,1,2232,1,97,1,0,1,2,1,0,1,0,1,1,1,8,1,28,1,0,1,0,1,205,1,16343,1,1,1,0,1,2030,1,660,1,8,1,8,1,0,1,90771,1,97,1,13778,1,1419,1,113856,1,660,1,1,1,32,1,32,1
436,2118900,4469,9545,28.988918,,0,11,8,96,34441,14317,34535,2084459,16,227,10,1,26922,1,30,1,281659,1,158363,1,133125,1,1472999,1,11352,1,117054,1,13466,4,378224,4,84973,4,275487,4,532569,8,719117,96,54404,36,5420,1,47902,1,3587,1,0,0,0,0,0,0,0,0,107806,1,32162,1,4959,1,7354,1,58001,1,181728,1,34225,1,3967,1,6242,1,31300,1,73330,1,16343,1,233,1,9545,1,4469,1,16576,1,9545,1,48,1,1240,1,1,1,0,1,4502,1,5042,1,1,1,0,0,241103,1,479226,1,776,1,776,1,0,1,96,1,2232,1,97,1,0,1,2,1,0,1,0,1,1,1,8,1,28,1,0,1,0,1,205,1,16343,1,1,1,1,1,2492,1,23364,1,8,1,8,1,0,1,125747,1,97,1,13844,1,1617,1,137860,1,2805,1,1,1,32,1,32,1
437,2563900,4469,9545,28.988918,,0,11,8,96,33663,14838,38872,2530237,16,227,621,1,29386,1,50,1,296998,1,170747,1,156269,1,1865565,1,10600,1,206560,1,15209,4,584058,4,105231,4,295846,4,563489,8,758104,96,62359,36,9709,1,63912,1,6713,1,0,0,0,0,0,0,0,0,111403,1,37582,1,5701,1,8937,1,66527,1,182299,1,38714,1,4980,1,7074,1,30839,1,160753,1,16343,1,233,1,9545,1,4469,1,16576,1,9545,1,48,1,1240,1,1,1,0,1,4503,1,5042,1,0,1,0,0,237944,1,610153,1,776,1,776,1,0,1,96,1,2232,1,97,1,0,1,2,1,0,1,0,1,1,1,8,1,28,1,0,1,0,1,205,1,16343,1,1,1,1,1,4735,1,6699,1,8,1,8,1,0,1,119789,1,97,1,18497,1,7590,1,134860,1,1634,1,1,1,32,1,32,1
438,1983800,4469,9545,28.988918,,0,11,8,96,31614,13736,28754,1952186,16,227,70,1,27142,1,40,1,284094,1,162381,1,135169,1,1332269,1,11021,1,115331,1,12424,4,398703,4,79141,4,234419,4,439622,8,597344,96,47942,36,4649,1,30929,1,3316,1,0,0,0,0,0,0,0,0,109399,1,34456,1,4970,1,7184,1,57570,1,184092,1,34726,1,4057,1,6292,1,30629,1,72158,1,16343,1,233,1,9545,1,4469,1,16576,1,9545,1,48,1,1240,1,1,1,0,1,4503,1,5042,1,0,1,0,0,210175,1,353265,1,776,1,776,1,0,1,96,1,2232,1,97,1,0,1,2,1,0,1,0,1,1,1,8,1,28,1,0,1,0,1,205,1,16343,1,1,1,1,1,2294,1,52602,1,8,1,8,1,0,1,89193,1,97,1,13448,1,5379,1,113839,1,12952,1,1,1,32,1,32,1
439,2199200,4469,9545,28.988918,,0,11,8,96,32935,12734,36919,2166265,16,227,10,1,26581,1,60,1,276349,1,156509,1,134547,1,1560847,1,11362,1,114900,1,13646,4,400136,4,86405,4,292189,4,585340,8,786968,96,53643,36,4699,1,46920,1,3877,1,0,0,0,0,0,0,0,0,105582,1,32703,1,4919,1,7174,1,56779,1,178211,1,33895,1,4128,1,6042,1,30979,1,71627,1,16344,1,233,1,9545,1,4469,1,16577,1,9545,1,48,1,1240,1,1,1,0,1,4502,1,5042,1,1,1,0,0,238921,1,540738,1,773,1,773,1,0,1,96,1,2232,1,97,1,0,1,2,1,0,1,0,1,1,1,8,1,28,1,0,1,0,1,205,1,16344,1,1,1,0,1,2426,1,13035,1,8,1,8,1,0,1,131117,1,97,1,14207,1,363,1,133247,1,445,1,1,1,32,1,32,1
440,2375200,4469,9545,28.988918,,0,11,8,96,37316,13757,36447,2337884,16,227,110,1,27783,1,60,1,280226,1,191637,1,151670,1,1674675,1,11722,1,131301,1,14177,4,496761,4,97116,4,288292,4,562526,8,755027,96,59344,36,8596,1,56147,1,6001,1,0,0,0,0,0,0,0,0,127955,1,42581,1,5150,1,7995,1,59203,1,179243,1,33153,1,4288,1,6172,1,30468,1,87007,1,16344,1,233,1,9545,1,4469,1,16577,1,9545,1,48,1,1240,1,1,1,0,1,4503,1,5042,1,0,1,0,0,231178,1,355938,1,776,1,776,1,0,1,96,1,2232,1,97,1,0,1,2,1,0,1,0,1,1,1,8,1,28,1,0,1,0,1,205,1,16344,1,1,1,1,1,2657,1,51843,1,8,1,8,1,0,1,95895,1,97,1,13481,1,5742,1,128689,1,17935,1,1,1,32,1,32,1
441,2018900,4469,9545,28.988918,,0,11,8,96,32759,13686,29776,1986141,16,227,180,1,44215,1,110,1,281869,1,163272,1,136501,1,1348741,1,11252,1,120901,1,12654,4,395276,4,79662,4,240540,4,443799,8,606311,96,48252,36,4879,1,33815,1,3527,1,0,0,0,0,0,0,0,0,111424,1,33173,1,4990,1,12424,1,59404,1,176047,1,33654,1,4178,1,6232,1,30879,1,77368,1,16344,1,233,1,9545,1,4469,1,16577,1,9545,1,48,1,1240,1,1,1,0,1,4503,1,5042,1,0,1,0,0,210636,1,373461,1,776,1,776,1,0,1,96,1,2232,1,97,1,0,1,2,1,0,1,0,1,1,1,8,1,28,1,0,1,0,1,205,1,16344,1,1,1,1,1,2096,1,48576,1,8,1,8,1,0,1,107340,1,97,1,13877,1,1683,1,115588,1,13596,1,1,1,32,1,32,1
442,2062600,4468,9545,28.988918,,0,11,8,96,31153,9067,37188,2031447,16,227,60,1,27082,1,80,1,267822,1,159936,1,126332,1,1439054,1,11081,1,117184,1,13496,4,368215,4,82438,4,274425,4,535234,8,716995,96,55476,36,4258,1,31590,1,3146,1,0,0,0,0,0,0,0,0,108428,1,33955,1,4649,1,6623,1,54985,1,173853,1,32001,1,3747,1,6072,1,31370,1,73801,1,16344,1,232,1,9545,1,4468,1,16576,1,9545,1,48,1,1240,1,1,1,0,1,4503,1,5042,1,0,1,0,0,232473,1,411708,1,775,1,775,1,0,1,96,1,2268,1,97,1,0,1,2,1,0,1,0,1,1,1,8,1,24,1,0,1,0,1,208,1,16344,1,0,1,0,1,2096,1,44748,1,8,1,8,1,0,1,121366,1,97,1,16731,1,8844,1,130900,1,17968,1,1,1,32,1,32,1
443,2134900,4468,9545,28.988918,,0,11,8,96,33499,14037,37668,2101401,16,227,60,1,27312,1,70,1,267412,1,183772,1,127243,1,1483799,1,11732,1,126131,1,14538,4,366652,4,82678,4,281068,4,555473,8,744609,96,54264,36,4559,1,35368,1,3296,1,0,0,0,0,0,0,0,0,127424,1,38283,1,4629,1,6743,1,55346,1,172891,1,32111,1,3897,1,5971,1,30047,1,83781,1,16344,1,232,1,9545,1,4468,1,16576,1,9545,1,48,1,1240,1,1,1,0,1,4503,1,5042,1,0,1,0,0,245944,1,424446,1,776,1,776,1,0,1,96,1,2268,1,97,1,0,1,2,1,0,1,0,1,1,1,8,1,24,1,0,1,0,1,208,1,16344,1,1,1,1,1,2393,1,52866,1,8,1,8,1,0,1,108429,1,97,1,12920,1,8910,1,137236,1,14206,1,1,1,32,1,32,1
444,2316400,4469,9545,28.988918,,0,11,8,96,33011,10130,38251,2283389,16,227,200,1,27392,1,601,1,274485,1,186216,1,137904,1,1645218,1,11372,1,131942,1,15850,4,435443,4,94160,4,287460,4,606190,8,793671,96,61728,36,7635,1,51138,1,5270,1,0,0,0,0,0,0,0,0,122054,1,43623,1,4959,1,6933,1,57700,1,177209,1,32222,1,4138,1,6252,1,31210,1,87487,1,16337,1,240,1,9545,1,4469,1,16577,1,9545,1,48,1,1240,1,1,1,0,1,4503,1,5042,1,0,1,0,0,238457,1,401148,1,773,1,773,1,0,1,96,1,2268,1,97,1,0,1,2,1,0,1,0,1,1,1,8,1,24,1,0,1,0,1,216,1,16337,1,0,1,0,1,4109,1,68013,1,8,1,8,1,0,1,107622,1,97,1,12755,1,2640,1,135423,1,16483,1,1,1,32,1,32,1
445,2194000,4469,9545,28.988918,,0,11,8,96,34077,13997,31669,2159923,16,227,150,1,39155,1,110,1,315384,1,166428,1,144517,1,1482647,1,11532,1,117545,1,12694,4,401769,4,79302,4,306777,4,504896,8,732033,96,47972,36,4959,1,37081,1,3627,1,0,0,0,0,0,0,0,0,113076,1,34135,1,5270,1,10390,1,85353,1,183581,1,35718,1,4248,1,6553,1,30599,1,73731,1,16337,1,240,1,9545,1,4469,1,16577,1,9545,1,48,1,1240,1,1,1,0,1,4503,1,5042,1,0,1,0,0,208281,1,609213,1,773,1,773,1,0,1,96,1,2268,1,97,1,0,1,2,1,0,1,0,1,1,1,8,1,24,1,0,1,0,1,216,1,16337,1,1,1,1,1,2360,1,60984,1,8,1,8,1,0,1,144457,1,97,1,13877,1,5412,1,114054,1,14982,1,1,1,32,1,32,1
446,2548900,4468,9545,28.988918,,0,11,8,96,33336,9849,39493,2515564,16,227,120,1,31911,1,60,1,310053,1,184072,1,160597,1,1816516,1,12233,1,162060,1,17624,4,614476,4,108277,4,300295,4,557156,8,758624,96,59333,36,5000,1,38143,1,3637,1,0,0,0,0,0,0,0,0,117385,1,44415,1,5761,1,8206,1,68571,1,191777,1,40618,1,5060,1,6913,1,31721,1,113838,1,16340,1,236,1,9545,1,4468,1,16576,1,9545,1,48,1,1240,1,1,1,0,1,4503,1,5042,1,0,1,0,0,227948,1,453948,1,776,1,776,1,0,1,96,1,2268,1,97,1,0,1,2,1,0,1,0,1,1,1,8,1,24,1,0,1,0,1,212,1,16340,1,0,1,0,1,15592,1,9801,1,8,1,8,1,0,1,121812,1,97,1,14041,1,7326,1,127308,1,1502,1,1,1,32,1,32,1
447,2042900,4469,9545,28.988918,,0,11,8,96,30619,9017,30377,2012281,16,227,110,1,32202,1,40,1,291317,1,160247,1,156359,1,1361175,1,10831,1,115872,1,12955,4,424112,4,80073,4,235641,4,442176,8,599528,96,47912,36,4819,1,32943,1,3567,1,0,0,0,0,0,0,0,0,105312,1,34005,1,5721,1,7845,1,64203,1,179093,1,39916,1,4519,1,7084,1,30689,1,71066,1,16337,1,240,1,9545,1,4469,1,16577,1,9545,1,48,1,1240,1,1,1,0,1,4503,1,5042,1,0,1,0,0,209003,1,273735,1,776,1,776,1,0,1,96,1,2268,1,97,1,0,1,2,1,0,1,0,1,1,1,8,1,24,1,0,1,0,1,216,1,16337,1,0,1,0,1,3020,1,6303,1,8,1,8,1,0,1,77860,1,97,1,13580,1,5610,1,114912,1,1914,1,1,1,32,1,32,1
448,2162900,4468,9545,28.988918,,0,11,8,96,35669,9178,35117,2127231,16,227,60,1,27533,1,20,1,271670,1,186757,1,133385,1,1497095,1,10710,1,115862,1,13025,4,373905,4,78380,4,308550,4,536136,8,758322,96,51248,36,6192,1,51879,1,3988,1,0,0,0,0,0,0,0,0,134337,1,33835,1,5060,1,7174,1,57911,1,172370,1,33915,1,3988,1,6212,1,30298,1,73090,1,16339,1,236,1,9545,1,4468,1,16575,1,9545,1,48,1,1240,1,1,1,0,1,4502,1,5042,1,1,1,0,0,227084,1,530013,1,776,1,776,1,0,1,96,1,2268,1,97,1,0,1,2,1,0,1,0,1,1,1,8,1,24,1,0,1,0,1,212,1,16339,1,0,1,0,1,2211,1,52239,1,8,1,8,1,0,1,123435,1,97,1,13250,1,4059,1,122817,1,14503,1,1,1,32,1,32,1
449,2271600,4469,9545,28.988918,,0,11,8,96,35331,8997,33874,2236269,16,227,210,1,30058,1,70,1,310454,1,182950,1,174734,1,1526641,1,11151,1,127013,1,14969,4,458077,4,85243,4,267712,4,496610,8,678660,96,51789,36,7825,1,54805,1,5390,1,0,0,0,0,0,0,0,0,122404,1,37702,1,5961,1,10029,1,66768,1,193240,1,39646,1,4418,1,8506,1,31400,1,79953,1,16335,1,240,1,9545,1,4469,1,16575,1,9545,1,48,1,1240,1,1,1,0,1,4503,1,5042,1,0,1,0,0,216871,1,357588,1,760,1,761,1,0,1,96,1,2268,1,97,1,0,1,2,1,0,1,0,1,1,1,8,1,24,1,0,1,0,1,216,1,16335,1,0,1,0,1,5297,1,52536,1,8,1,8,1,0,1,93813,1,97,1,13976,1,3003,1,115638,1,16764,1,1,1,32,1,32,1
450,2251100,4468,9545,28.988918,,0,11,8,96,33256,9558,33163,2217844,16,227,200,1,45607,1,50,1,432628,1,183762,1,157221,1,1387305,1,11071,1,119769,1,13065,4,407179,4,80875,4,248876,4,468106,8,635647,96,48172,36,4589,1,31981,1,3306,1,0,0,0,0,0,0,0,0,126823,1,35117,1,5801,1,14327,1,97957,1,257823,1,61929,1,4599,1,7104,1,30649,1,74893,1,16346,1,229,1,9545,1,4468,1,16575,1,9545,1,48,1,1240,1,1,1,0,1,4502,1,5042,1,1,1,0,0,214118,1,352110,1,776,1,776,1,0,1,96,1,2232,1,97,1,0,1,2,1,0,1,0,1,1,1,8,1,28,1,0,1,0,1,201,1,16346,1,0,1,0,1,4901,1,47157,1,8,1,8,1,0,1,96148,1,97,1,13382,1,429,1,113212,1,16120,1,1,1,32,1,32,1
451,2034000,4468,9545,28.988918,,0,11,8,96,30797,13225,36228,2003203,16,227,70,1,27432,1,60,1,275016,1,158183,1,127444,1,1403856,1,11141,1,115782,1,12805,4,347144,4,79973,4,264526,4,528401,8,702737,96,53963,36,5981,1,32893,1,3126,1,0,0,0,0,0,0,0,0,108097,1,32131,1,4599,1,8286,1,56067,1,178161,1,32192,1,3988,1,5831,1,30809,1,73110,1,16345,1,229,1,9545,1,4468,1,16574,1,9545,1,48,1,1240,1,1,1,0,1,4502,1,5042,1,1,1,0,0,231658,1,379929,1,776,1,776,1,0,1,96,1,2232,1,97,1,0,1,2,1,0,1,0,1,1,1,8,1,28,1,0,1,0,1,201,1,16345,1,1,1,0,1,2954,1,51051,1,8,1,8,1,0,1,108343,1,97,1,14240,1,5676,1,127930,1,13150,1,1,1,32,1,32,1
452,2315400,4469,9545,28.988918,,0,11,8,96,32942,9608,33303,2282458,16,227,160,1,27402,1,30,1,274575,1,170767,1,128456,1,1669925,1,11141,1,118567,1,15630,4,542478,4,89892,4,281579,4,570201,8,763070,96,55406,36,4579,1,34085,1,3306,1,0,0,0,0,0,0,0,0,116202,1,35648,1,4649,1,7995,1,55977,1,177039,1,33153,1,3827,1,6512,1,30909,1,75024,1,16338,1,237,1,9545,1,4469,1,16575,1,9545,1,48,1,1240,1,1,1,0,1,4503,1,5042,1,0,1,0,0,222832,1,415602,1,776,1,776,1,0,1,96,1,2232,1,97,1,0,1,2,1,0,1,0,1,1,1,8,1,28,1,0,1,0,1,209,1,16338,1,0,1,0,1,3251,1,59697,1,8,1,8,1,0,1,127536,1,97,1,13910,1,363,1,116396,1,15279,1,1,1,32,1,32,1
453,1947700,4470,9545,28.988918,,0,11,8,96,31233,8997,29846,1916467,16,227,60,1,27092,1,30,1,272341,1,162842,1,132223,1,1310658,1,11221,1,118847,1,12394,4,371671,4,79432,4,236703,4,443609,8,601993,96,48473,36,4489,1,31270,1,3246,1,0,0,0,0,0,0,0,0,112135,1,31631,1,4949,1,7905,1,56288,1,173041,1,34837,1,4058,1,6432,1,31009,1,75184,1,16335,1,241,1,9545,1,4470,1,16576,1,9545,1,48,1,1240,1,1,1,0,1,4502,1,5042,1,1,1,0,0,212798,1,321354,1,776,1,776,1,0,1,96,1,2232,1,97,1,0,1,2,1,0,1,0,1,1,1,8,1,28,1,0,1,0,1,213,1,16335,1,0,1,0,1,2013,1,58311,1,8,1,8,1,0,1,92013,1,97,1,13349,1,561,1,114235,1,14767,1,1,1,32,1,32,1
454,2060300,4469,9545,28.988918,,0,11,8,96,31137,9007,36627,2029163,16,227,60,1,26711,1,40,1,267792,1,159535,1,134337,1,1429636,1,11051,1,116884,1,13826,4,372793,4,82578,4,259416,4,533801,8,700463,96,56127,36,6412,1,31360,1,3557,1,0,0,0,0,0,0,0,0,108177,1,33334,1,4919,1,7134,1,55967,1,170677,1,33725,1,4028,1,6262,1,30939,1,73330,1,16338,1,237,1,9545,1,4469,1,16575,1,9545,1,48,1,1240,1,1,1,0,1,4502,1,5042,1,1,1,0,0,224138,1,366036,1,773,1,773,1,0,1,96,1,2232,1,97,1,0,1,2,1,0,1,0,1,1,1,8,1,28,1,0,1,0,1,209,1,16338,1,0,1,0,1,2525,1,26895,1,8,1,8,1,0,1,115290,1,97,1,13316,1,3927,1,120208,1,2640,1,1,1,32,1,32,1
455,2093600,4469,9545,28.988918,,0,11,8,96,33378,13666,30798,2060222,16,227,130,1,26952,1,40,1,266921,1,187950,1,127123,1,1439935,1,11171,1,118647,1,12985,4,409003,4,82638,4,256240,4,493574,8,669783,96,49234,36,6603,1,42261,1,4318,1,0,0,0,0,0,0,0,0,134026,1,35518,1,4619,1,7384,1,54073,1,173111,1,32031,1,4218,1,6042,1,30238,1,75875,1,16338,1,237,1,9545,1,4469,1,16575,1,9545,1,48,1,1240,1,1,1,0,1,4503,1,5042,1,0,1,0,0,223279,1,346236,1,776,1,776,1,0,1,96,1,2232,1,97,1,0,1,2,1,0,1,0,1,1,1,8,1,28,1,0,1,0,1,209,1,16338,1,1,1,1,1,2211,1,95898,1,8,1,8,1,0,1,100094,1,97,1,14141,1,1947,1,119383,1,15955,1,1,1,32,1,32,1
456,2177100,4469,9545,28.988918,,0,11,8,96,45331,14618,33943,2131769,16,227,130,1,46078,1,30,1,366421,1,174815,1,161679,1,1372106,1,10510,1,117985,1,12875,4,416828,4,80304,4,245430,4,441385,8,601944,96,50927,36,5090,1,33975,1,3617,1,0,0,0,0,0,0,0,0,118397,1,34726,1,5791,1,13867,1,101805,1,210192,1,40007,1,4639,1,6983,1,30709,1,72970,1,16338,1,237,1,9545,1,4469,1,16575,1,9545,1,48,1,1240,1,1,1,0,1,4502,1,5042,1,1,1,0,0,205458,1,303963,1,776,1,776,1,0,1,96,1,2232,1,97,1,0,1,2,1,0,1,0,1,1,1,8,1,28,1,0,1,0,1,209,1,16338,1,1,1,1,1,5527,1,55902,1,8,1,8,1,0,1,89469,1,97,1,12820,1,5643,1,110247,1,15494,1,1,1,32,1,32,1
457,2284200,4469,9545,28.988918,,0,11,8,96,34190,14528,37249,2250010,16,227,140,1,30769,1,50,1,303601,1,166278,1,155918,1,1582323,1,10931,1,122835,1,13606,4,439321,4,84422,4,281529,4,576548,8,767466,96,53362,36,5410,1,39736,1,4388,1,0,0,0,0,0,0,0,0,110672,1,34065,1,5741,1,8366,1,66297,1,190474,1,37872,1,4809,1,7003,1,30448,1,77949,1,16338,1,237,1,9545,1,4469,1,16575,1,9545,1,48,1,1240,1,1,1,0,1,4503,1,5042,1,0,1,0,0,240648,1,605401,1,774,1,775,1,0,1,96,1,2232,1,97,1,0,1,2,1,0,1,0,1,1,1,8,1,28,1,0,1,0,1,209,1,16338,1,1,1,1,1,4933,1,52239,1,8,1,8,1,0,1,142210,1,97,1,13744,1,4389,1,126876,1,14207,1,1,1,32,1,32,1
458,2333500,4469,9545,28.988918,,0,11,8,96,34731,14598,36418,2298769,16,227,140,1,28474,1,60,1,286528,1,205253,1,146611,1,1620401,1,11302,1,132664,1,14327,4,451865,4,96384,4,279926,4,559581,8,745549,96,57540,36,8596,1,56628,1,5831,1,0,0,0,0,0,0,0,0,145939,1,38724,1,5320,1,7875,1,59253,1,180245,1,38494,1,4759,1,6302,1,30348,1,88980,1,16338,1,237,1,9545,1,4469,1,16575,1,9545,1,48,1,1240,1,1,1,0,1,4502,1,5042,1,1,1,0,0,216930,1,375177,1,775,1,775,1,0,1,96,1,2232,1,97,1,0,1,2,1,0,1,0,1,1,1,8,1,28,1,0,1,0,1,209,1,16338,1,1,1,1,1,3152,1,74019,1,8,1,8,1,0,1,91233,1,97,1,15296,1,2475,1,115671,1,15361,1,1,1,32,1,32,1
459,2046200,4469,9545,28.988918,,0,11,8,96,31635,11983,29615,2014565,16,227,10,1,44535,1,40,1,307729,1,164264,1,141471,1,1345324,1,11191,1,115581,1,12504,4,400617,4,79051,4,238627,4,444721,8,605440,96,48292,36,4819,1,33875,1,3547,1,0,0,0,0,0,0,0,0,111303,1,33224,1,5320,1,12684,1,81626,1,176949,1,36159,1,4418,1,6372,1,30789,1,71858,1,16339,1,237,1,9545,1,4469,1,16576,1,9545,1,48,1,1240,1,1,1,0,1,4502,1,5042,1,1,1,0,0,211232,1,325677,1,776,1,776,1,0,1,96,1,2232,1,97,1,0,1,2,1,0,1,0,1,1,1,8,1,28,1,0,1,0,1,209,1,16339,1,1,1,0,1,2954,1,57090,1,8,1,8,1,0,1,85060,1,97,1,13217,1,363,1,113641,1,15592,1,1,1,32,1,32,1
460,2059200,4469,9545,28.988918,,0,11,8,96,33073,13856,32922,2026127,16,227,60,1,27593,1,40,1,274936,1,167140,1,135599,1,1409627,1,11131,1,113417,1,12704,4,372944,4,79352,4,248576,4,526067,8,691435,96,50286,36,6392,1,32683,1,3637,1,0,0,0,0,0,0,0,0,112766,1,35588,1,5130,1,7544,1,58442,1,173552,1,35077,1,4168,1,6242,1,30859,1,70084,1,16339,1,237,1,9545,1,4469,1,16576,1,9545,1,48,1,1240,1,1,1,0,1,4502,1,5042,1,1,1,0,0,229909,1,434148,1,776,1,776,1,0,1,96,1,2232,1,97,1,0,1,2,1,0,1,0,1,1,1,8,1,28,1,0,1,0,1,209,1,16339,1,1,1,1,1,2459,1,62898,1,8,1,8,1,0,1,111184,1,97,1,13415,1,5874,1,130207,1,16005,1,1,1,32,1,32,1
461,2092700,4469,9545,28.988918,,0,11,8,96,35664,12173,33563,2057036,16,227,160,1,27072,1,20,1,269496,1,165176,1,129738,1,1454303,1,11071,1,121332,1,13706,4,375929,4,86806,4,254808,4,526978,8,693959,96,54264,36,7595,1,49685,1,5290,1,0,0,0,0,0,0,0,0,109800,1,37432,1,4629,1,7995,1,54604,1,174474,1,32131,1,4058,1,5851,1,30508,1,78791,1,16339,1,237,1,9545,1,4469,1,16576,1,9545,1,48,1,1240,1,1,1,0,1,4502,1,5042,1,1,1,0,0,230312,1,377553,1,776,1,776,1,0,1,96,1,2232,1,97,1,0,1,2,1,0,1,0,1,1,1,8,1,28,1,0,1,0,1,209,1,16339,1,1,1,0,1,3284,1,1056,1,8,1,8,1,0,1,97403,1,97,1,14372,1,627,1,128837,1,1056,1,1,1,32,1,32,1
462,2144700,4469,9545,28.988922,,0,11,8,96,31146,13005,29957,2113554,16,227,50,1,39546,1,30,1,374857,1,224329,1,146711,1,1316960,1,11071,1,113848,1,12404,4,372032,4,79392,4,239368,4,448097,8,608866,96,48642,36,4749,1,30729,1,3336,1,0,0,0,0,0,0,0,0,158433,1,37872,1,7845,1,12273,1,83911,1,225081,1,53322,1,4128,1,6192,1,30879,1,70555,1,16340,1,237,1,9545,1,4469,1,16577,1,9545,1,48,1,1240,1,1,1,0,1,4501,1,5042,1,2,1,0,0,213310,1,359073,1,776,1,776,1,0,1,96,1,2232,1,97,1,0,1,2,1,0,1,0,1,1,1,8,1,28,1,0,1,0,1,209,1,16340,1,1,1,0,1,4043,1,65439,1,8,1,8,1,0,1,97060,1,97,1,13712,1,462,1,115192,1,15955,1,1,1,32,1,32,1
463,1959200,4468,9545,28.988922,,0,11,8,96,31401,8917,30648,1927799,16,227,50,1,26561,1,30,1,268844,1,158724,1,132453,1,1329985,1,11151,1,116323,1,12063,4,370279,4,78891,4,236272,4,468948,8,625328,96,49244,36,4559,1,30378,1,3356,1,0,0,0,0,0,0,0,0,107967,1,32863,1,4919,1,8166,1,55266,1,171668,1,33444,1,3867,1,6282,1,30989,1,73170,1,16343,1,233,1,9545,1,4468,1,16576,1,9545,1,48,1,1240,1,1,1,0,1,4503,1,5042,1,0,1,0,0,211753,1,360228,1,776,1,776,1,0,1,96,1,2232,1,97,1,0,1,2,1,0,1,0,1,1,1,8,1,28,1,0,1,0,1,205,1,16343,1,0,1,0,1,3020,1,28083,1,8,1,8,1,0,1,92005,1,97,1,13580,1,1386,1,110655,1,2805,1,1,1,32,1,32,1
464,2268700,4469,9545,28.988922,,0,11,8,96,42470,8236,35985,2226230,16,215,140,1,26821,1,40,1,291899,1,230291,1,165687,1,1498638,1,12714,1,151911,1,19998,4,425474,4,89541,4,276369,4,478946,8,665167,96,54164,36,4929,1,39456,1,3777,1,0,0,0,0,0,0,0,0,160938,1,44836,1,5771,1,7945,1,61538,1,185315,1,36580,1,10240,1,6883,1,30939,1,100402,1,16341,1,237,1,9545,1,4469,1,16578,1,9545,1,48,1,1240,1,1,1,0,1,4503,1,5042,1,0,1,0,0,233506,1,325116,1,771,1,771,1,0,1,96,1,2232,1,97,1,0,1,2,1,0,1,0,1,1,1,8,1,28,1,0,1,0,1,209,1,16341,1,0,1,0,1,21351,1,32868,1,8,1,8,1,0,1,89899,1,97,1,14190,1,6930,1,129659,1,3481,1,1,1,32,1,32,1
465,2339700,4469,9545,28.988922,,0,11,8,96,33677,19878,30287,2306023,16,227,200,1,45126,1,60,1,411347,1,226764,1,235801,1,1375833,1,10891,1,138345,1,12604,4,403642,4,79161,4,238757,4,441775,8,602364,96,47882,36,4569,1,33755,1,3346,1,0,0,0,0,0,0,0,0,153955,1,39566,1,8927,1,13416,1,96645,1,241713,1,58762,1,6893,1,10260,1,31420,1,86235,1,16341,1,237,1,9545,1,4469,1,16578,1,9545,1,48,1,1240,1,1,1,0,1,4502,1,5042,1,1,1,0,0,208839,1,335214,1,776,1,776,1,0,1,96,1,2232,1,97,1,0,1,2,1,0,1,0,1,1,1,8,1,28,1,0,1,0,1,209,1,16341,1,1,1,1,1,5528,1,24552,1,8,1,8,1,0,1,88944,1,97,1,14009,1,5808,1,114400,1,3646,1,1,1,32,1,32,1
466,1923200,4469,9545,28.988922,,0,11,8,96,30849,13506,29977,1892351,16,227,100,1,27112,1,30,1,271630,1,165096,1,134598,1,1282815,1,10971,1,114539,1,11963,4,345501,4,79001,4,236282,4,442918,8,601021,96,48202,36,4218,1,31761,1,3126,1,0,0,0,0,0,0,0,0,111944,1,33464,1,4929,1,7254,1,56688,1,173101,1,34045,1,3988,1,5991,1,30899,1,71537,1,16341,1,237,1,9545,1,4469,1,16578,1,9545,1,48,1,1240,1,1,1,0,1,4503,1,5042,1,0,1,0,0,210044,1,338547,1,776,1,776,1,0,1,96,1,2232,1,97,1,0,1,2,1,0,1,0,1,1,1,8,1,28,1,0,1,0,1,209,1,16341,1,1,1,1,1,1997,1,60786,1,8,1,8,1,0,1,92474,1,97,1,13118,1,6468,1,113427,1,16087,1,1,1,32,1,32,1
467,2143600,4469,9545,28.988922,,0,11,8,96,40576,12414,36128,2103024,16,215,200,1,26270,1,40,1,266931,1,203700,1,157171,1,1437260,1,11452,1,131692,1,15009,4,393273,4,83360,4,259747,4,499165,8,670164,96,52621,36,4328,1,35047,1,3226,1,0,0,0,0,0,0,0,0,141651,1,39486,1,5721,1,6633,1,54144,1,173422,1,32442,1,4699,1,6643,1,30158,1,87578,1,16340,1,237,1,9545,1,4469,1,16577,1,9545,1,48,1,1240,1,1,1,0,1,4502,1,5042,1,1,1,0,0,248250,1,347292,1,776,1,776,1,0,1,96,1,2232,1,97,1,0,1,2,1,0,1,0,1,1,1,8,1,28,1,0,1,0,1,209,1,16340,1,1,1,0,1,18398,1,13365,1,8,1,8,1,0,1,96620,1,97,1,13992,1,1551,1,145814,1,3663,1,1,1,32,1,32,1
468,2365700,4469,9545,28.988922,,0,11,8,96,34479,20218,34696,2331221,16,227,391,1,32142,1,110,1,303100,1,217045,1,231974,1,1535508,1,10951,1,144987,1,14157,4,434842,4,89892,4,270678,4,522350,8,705871,96,52460,36,4238,1,31019,1,3126,1,0,0,0,0,0,0,0,0,145879,1,38424,1,8907,1,8396,1,60897,1,173863,1,59133,1,6412,1,10280,1,31300,1,93379,1,16340,1,237,1,9545,1,4469,1,16577,1,9545,1,48,1,1240,1,1,1,0,1,4503,1,5042,1,0,1,0,0,230831,1,409035,1,776,1,776,1,0,1,96,1,2232,1,97,1,0,1,2,1,0,1,0,1,1,1,8,1,28,1,0,1,0,1,209,1,16340,1,1,1,1,1,4769,1,1188,1,8,1,8,1,0,1,110935,1,97,1,13827,1,5643,1,127847,1,1188,1,1,1,32,1,32,1
469,1905900,4469,9545,28.988922,,0,11,8,96,31213,13396,29656,1874687,16,227,30,1,27242,1,40,1,267362,1,155518,1,126342,1,1287233,1,10921,1,113637,1,12123,4,346503,4,79031,4,236803,4,448438,8,607153,96,48432,36,4298,1,29897,1,3106,1,0,0,0,0,0,0,0,0,107035,1,30789,1,4689,1,6643,1,54324,1,173943,1,32152,1,3928,1,5861,1,30649,1,70996,1,16340,1,237,1,9545,1,4469,1,16577,1,9545,1,48,1,1240,1,1,1,0,1,4502,1,5042,1,1,1,0,0,212353,1,340065,1,776,1,776,1,0,1,96,1,2232,1,97,1,0,1,2,1,0,1,0,1,1,1,8,1,28,1,0,1,0,1,209,1,16340,1,1,1,1,1,2459,1,429,1,8,1,8,1,0,1,90743,1,97,1,13217,1,5775,1,115374,1,429,1,1,1,32,1,32,1
470,2193200,4467,9545,28.988922,,0,11,8,96,46272,10480,36298,2146928,16,196,250,1,40588,1,50,1,319071,1,197167,1,160597,1,1417673,1,11532,1,127915,1,13536,4,374467,4,82919,4,265187,4,503403,8,677217,96,55075,36,4569,1,31931,1,3266,1,0,0,0,0,0,0,0,0,137904,1,36560,1,6292,1,9278,1,69082,1,201736,1,38293,1,3617,1,5851,1,30378,1,85944,1,16337,1,237,1,9545,1,4467,1,16574,1,9545,1,48,1,1240,1,1,1,0,1,4501,1,5042,1,2,1,0,0,244063,1,372702,1,775,1,775,1,0,1,96,1,2232,1,97,1,0,1,2,1,0,1,0,1,1,1,8,1,28,1,0,1,0,1,209,1,16337,1,0,1,0,1,17770,1,59004,1,8,1,8,1,0,1,101492,1,97,1,17606,1,5742,1,140467,1,3746,1,1,1,32,1,32,1
471,2221300,4468,9545,28.988922,,0,11,8,96,32111,10771,31720,2189189,16,227,40,1,26952,1,30,1,276168,1,160297,1,128466,1,1586035,1,11201,1,143625,1,14678,4,488184,4,87377,4,288232,4,514985,8,720239,96,51258,36,4178,1,30899,1,3106,1,0,0,0,0,0,0,0,0,109580,1,32352,1,4599,1,7995,1,57019,1,178011,1,32552,1,5250,1,8196,1,31420,1,95733,1,16335,1,241,1,9545,1,4468,1,16576,1,9545,1,48,1,1240,1,1,1,0,1,4503,1,5042,1,0,1,0,0,210357,1,422862,1,776,1,776,1,0,1,96,1,2232,1,97,1,0,1,2,1,0,1,0,1,1,1,8,1,28,1,0,1,0,1,213,1,16335,1,0,1,0,1,2327,1,24090,1,8,1,8,1,0,1,118505,1,97,1,13530,1,3531,1,113245,1,2986,1,1,1,32,1,32,1
472,1898400,4467,9545,28.988922,,0,11,8,96,33031,8877,30438,1865369,16,227,140,1,27292,1,50,1,273323,1,155808,1,125811,1,1272084,1,10861,1,113427,1,11963,4,344179,4,78921,4,236833,4,441805,8,600409,96,47791,36,4378,1,28575,1,3126,1,0,0,0,0,0,0,0,0,107556,1,30719,1,4599,1,8336,1,55266,1,177309,1,32152,1,3797,1,5951,1,30729,1,70805,1,16344,1,233,1,9545,1,4467,1,16577,1,9545,1,48,1,1240,1,1,1,0,1,4502,1,5042,1,1,1,0,0,209563,1,335676,1,776,1,776,1,0,1,96,1,2232,1,97,1,0,1,2,1,0,1,0,1,1,1,8,1,28,1,0,1,0,1,205,1,16344,1,0,1,0,1,2228,1,17853,1,8,1,8,1,0,1,85707,1,97,1,13514,1,1716,1,114301,1,1600,1,1,1,32,1,32,1
473,2192100,4467,9545,28.988922,,0,11,8,96,43138,13776,36768,2148962,16,197,120,1,31039,1,70,1,311236,1,172139,1,147342,1,1475564,1,11452,1,140729,1,13416,4,373525,4,80384,4,276820,4,526417,8,711705,96,54765,36,7003,1,39886,1,3607,1,0,0,0,0,0,0,0,0,117054,1,33314,1,5771,1,9097,1,67509,1,195013,1,38995,1,4038,1,5891,1,30378,1,98028,1,16344,1,233,1,9545,1,4467,1,16577,1,9545,1,48,1,1240,1,1,1,0,1,4502,1,5042,1,1,1,0,0,240166,1,389367,1,776,1,776,1,0,1,96,1,2232,1,97,1,0,1,2,1,0,1,0,1,1,1,8,1,28,1,0,1,0,1,205,1,16344,1,1,1,1,1,5115,1,71181,1,8,1,8,1,0,1,106528,1,97,1,15593,1,10362,1,131675,1,14932,1,1,1,32,1,32,1
474,2334000,4467,9545,28.988922,,0,11,8,96,33217,13486,32952,2300783,16,227,10,1,28344,1,100,1,281378,1,177159,1,129448,1,1672891,1,11452,1,128546,1,15440,4,541406,4,91986,4,302359,4,538080,8,752260,96,55226,36,4238,1,34246,1,3106,1,0,0,0,0,0,0,0,0,119800,1,37943,1,4629,1,8586,1,60406,1,178441,1,33424,1,4068,1,5681,1,30508,1,85794,1,16344,1,233,1,9545,1,4467,1,16577,1,9545,1,48,1,1240,1,1,1,0,1,4503,1,5042,1,0,1,0,0,220706,1,415800,1,776,1,776,1,0,1,96,1,2232,1,97,1,0,1,2,1,0,1,0,1,1,1,8,1,28,1,0,1,0,1,205,1,16344,1,1,1,1,1,3284,1,62040,1,8,1,8,1,0,1,116003,1,97,1,15774,1,1650,1,116759,1,18496,1,1,1,32,1,32,1
475,1935500,4467,9545,28.988922,,0,11,8,96,32068,13536,30528,1903432,16,227,70,1,27082,1,30,1,270257,1,155838,1,127033,1,1312051,1,11071,1,112525,1,12334,4,372232,4,79502,4,238967,4,446605,8,606792,96,48252,36,4178,1,29066,1,3106,1,0,0,0,0,0,0,0,0,104150,1,34145,1,4609,1,7084,1,54835,1,175556,1,32472,1,4058,1,6222,1,30689,1,69293,1,16344,1,233,1,9545,1,4467,1,16577,1,9545,1,48,1,1240,1,1,1,0,1,4502,1,5042,1,1,1,0,0,216001,1,330495,1,776,1,776,1,0,1,96,1,2232,1,97,1,0,1,2,1,0,1,0,1,1,1,8,1,28,1,0,1,0,1,205,1,16344,1,1,1,1,1,2294,1,4224,1,8,1,8,1,0,1,97290,1,97,1,13679,1,297,1,114268,1,1122,1,1,1,32,1,32,1
476,2222400,4467,9545,28.988922,,0,11,8,96,35130,14959,40033,2187270,16,227,130,1,31170,1,50,1,320794,1,172605,1,160708,1,1491023,1,10791,1,130730,1,14929,4,392481,4,86696,4,270678,4,535164,8,704362,96,61448,36,6122,1,35949,1,3316,1,0,0,0,0,0,0,0,0,115957,1,35207,1,5791,1,8827,1,66848,1,195514,1,48874,1,4469,1,6623,1,30829,1,86095,1,16344,1,233,1,9545,1,4467,1,16577,1,9545,1,48,1,1240,1,1,1,0,1,4503,1,5042,1,0,1,0,0,238115,1,327855,1,775,1,775,1,0,1,96,1,2232,1,97,1,0,1,2,1,0,1,0,1,1,1,8,1,28,1,0,1,0,1,205,1,16344,1,1,1,1,1,5593,1,63310,1,8,1,8,1,0,1,86227,1,97,1,13530,1,693,1,133651,1,15345,1,1,1,32,1,32,1
477,2444700,4467,9545,28.988922,,0,11,8,96,35856,14568,38502,2408844,16,227,170,1,31600,1,90,1,299874,1,173672,1,159024,1,1733292,1,11121,1,120471,1,16441,4,564901,4,107105,4,268283,4,597388,8,765902,96,61267,36,4859,1,35708,1,3567,1,0,0,0,0,0,0,0,0,114880,1,35959,1,5771,1,8817,1,62189,1,187859,1,40237,1,4519,1,6843,1,30579,1,75825,1,16344,1,233,1,9545,1,4467,1,16577,1,9545,1,48,1,1240,1,1,1,0,1,4503,1,5042,1,0,1,0,0,240388,1,420040,1,766,1,766,1,0,1,96,1,2232,1,97,1,0,1,2,1,0,1,0,1,1,1,8,1,28,1,0,1,0,1,205,1,16344,1,1,1,1,1,4933,1,1914,1,8,1,8,1,0,1,99645,1,97,1,13645,1,3696,1,130762,1,1122,1,1,1,32,1,32,1
478,2008200,4467,9545,28.988922,,0,11,8,96,31417,13986,29687,1976783,16,227,130,1,28064,1,30,1,281799,1,166238,1,143545,1,1345966,1,11011,1,116222,1,12584,4,400607,4,79161,4,240610,4,445042,8,607663,96,48302,36,4469,1,29977,1,3306,1,0,0,0,0,0,0,0,0,112175,1,34606,1,5290,1,7524,1,59283,1,178682,1,35949,1,4278,1,6522,1,30508,1,72529,1,16344,1,233,1,9545,1,4467,1,16577,1,9545,1,48,1,1240,1,1,1,0,1,4501,1,5042,1,2,1,0,0,212751,1,370095,1,776,1,776,1,0,1,96,1,2232,1,97,1,0,1,2,1,0,1,0,1,1,1,8,1,28,1,0,1,0,1,205,1,16344,1,1,1,1,1,2096,1,60324,1,8,1,8,1,0,1,100710,1,97,1,12953,1,990,1,115225,1,15477,1,1,1,32,1,32,1
479,2108400,4467,9545,28.988922,,0,11,8,96,31876,11131,34725,2076524,16,227,60,1,27402,1,30,1,273784,1,162301,1,132413,1,1468741,1,11793,1,112726,1,12564,4,369778,4,80734,4,316776,4,521778,8,751790,96,52040,36,6082,1,33895,1,3276,1,0,0,0,0,0,0,0,0,110241,1,33594,1,4949,1,6893,1,56368,1,175466,1,34787,1,4188,1,6012,1,30979,1,69293,1,16343,1,233,1,9545,1,4467,1,16576,1,9545,1,48,1,1240,1,1,1,0,1,4503,1,5042,1,0,1,0,0,231989,1,522423,1,776,1,776,1,0,1,96,1,2232,1,97,1,0,1,2,1,0,1,0,1,1,1,8,1,28,1,0,1,0,1,205,1,16343,1,1,1,0,1,2756,1,56001,1,8,1,8,1,0,1,119696,1,97,1,15362,1,144177,1,134528,1,13266,1,1,1,32,1,32,1
480,2589900,4468,9545,28.988922,,0,11,8,96,38468,10410,38903,2551432,16,227,230,1,31651,1,60,1,309663,1,176688,1,172169,1,1849599,1,11372,1,129798,1,17203,4,612171,4,98509,4,297760,4,610909,8,808288,96,61478,36,8286,1,58572,1,5981,1,0,0,0,0,0,0,0,0,118346,1,35718,1,5751,1,8937,1,66968,1,192789,1,40287,1,4449,1,7074,1,30869,1,84432,1,16348,1,229,1,9545,1,4468,1,16577,1,9545,1,48,1,1240,1,1,1,0,1,4503,1,5042,1,0,1,0,0,227588,1,462726,1,776,1,776,1,0,1,96,1,2244,1,97,1,0,1,2,1,0,1,0,1,1,1,8,1,28,1,0,1,0,1,201,1,16348,1,0,1,0,1,16450,1,19404,1,8,1,8,1,0,1,115888,1,97,1,14998,1,6204,1,130476,1,3779,1,1,1,32,1,32,1
481,2033400,4468,9545,28.988922,,0,11,8,96,31129,14097,30228,2002271,16,227,110,1,29787,1,20,1,291478,1,160106,1,154676,1,1355093,1,11001,1,117835,1,12915,4,412990,4,79121,4,235290,4,443950,8,600760,96,48252,36,4478,1,31170,1,3246,1,0,0,0,0,0,0,0,0,105302,1,33915,1,5731,1,8176,1,64012,1,179924,1,39045,1,4499,1,7003,1,30779,1,73030,1,16348,1,229,1,9545,1,4468,1,16577,1,9545,1,48,1,1240,1,1,1,0,1,4503,1,5042,1,0,1,0,0,210655,1,337953,1,776,1,776,1,0,1,96,1,2244,1,97,1,0,1,2,1,0,1,0,1,1,1,8,1,28,1,0,1,0,1,201,1,16348,1,1,1,1,1,2888,1,5643,1,8,1,8,1,0,1,77441,1,97,1,13959,1,2409,1,113954,1,1039,1,1,1,32,1,32,1
482,2027900,4468,9545,28.988922,,0,11,8,96,31440,13596,33573,1996460,16,227,30,1,26471,1,30,1,270047,1,155117,1,134057,1,1399428,1,11282,1,120350,1,12253,4,370739,4,78200,4,268975,4,492382,8,677458,96,50326,36,6182,1,33414,1,3336,1,0,0,0,0,0,0,0,0,105011,1,32282,1,4909,1,6863,1,56017,1,173231,1,33624,1,4228,1,6212,1,30769,1,76697,1,16348,1,229,1,9545,1,4468,1,16577,1,9545,1,48,1,1240,1,1,1,0,1,4502,1,5042,1,1,1,0,0,215669,1,446490,1,775,1,775,1,0,1,96,1,2244,1,97,1,0,1,2,1,0,1,0,1,1,1,8,1,28,1,0,1,0,1,201,1,16348,1,1,1,1,1,2129,1,23430,1,8,1,8,1,0,1,121780,1,97,1,15362,1,2871,1,116797,1,2673,1,1,1,32,1,32,1
483,2424600,4468,9545,28.988922,,0,11,8,96,35789,15119,38050,2388811,16,227,150,1,31260,1,50,1,305785,1,173422,1,163653,1,1702989,1,11502,1,126642,1,14668,4,515737,4,103688,4,296327,4,559050,8,758604,96,58722,36,9017,1,56879,1,5861,1,0,0,0,0,0,0,0,0,115291,1,36420,1,5781,1,8486,1,67138,1,189683,1,39716,1,6993,1,9338,1,32382,1,75204,1,16349,1,229,1,9545,1,4468,1,16578,1,9545,1,48,1,1240,1,1,1,0,1,4503,1,5042,1,0,1,0,0,219981,1,402039,1,776,1,776,1,0,1,96,1,2232,1,97,1,0,1,2,1,0,1,0,1,1,1,8,1,28,1,0,1,0,1,201,1,16349,1,1,1,0,1,4719,1,56100,1,8,1,8,1,0,1,105573,1,97,1,16780,1,726,1,116121,1,16500,1,1,1,32,1,32,1
484,2075900,4469,9545,28.988922,,0,11,8,96,31408,8947,29364,2044492,16,227,130,1,50587,1,60,1,314171,1,161219,1,154997,1,1352268,1,11061,1,116723,1,12945,4,414353,4,80123,4,235370,4,441805,8,599981,96,47832,36,4829,1,33614,1,3557,1,0,0,0,0,0,0,0,0,106804,1,33634,1,5711,1,13696,1,83730,1,177660,1,38814,1,4438,1,7003,1,30699,1,72088,1,16342,1,237,1,9545,1,4469,1,16579,1,9545,1,48,1,1240,1,1,1,0,1,4503,1,5042,1,0,1,0,0,214119,1,314853,1,776,1,776,1,0,1,96,1,2232,1,97,1,0,1,2,1,0,1,0,1,1,1,8,1,28,1,0,1,0,1,209,1,16342,1,0,1,0,1,2294,1,13035,1,8,1,8,1,0,1,86734,1,97,1,13316,1,5478,1,113938,1,924,1,1,1,32,1,32,1
485,2052200,4469,9545,28.988922,,0,11,8,96,31694,13566,34872,2020506,16,227,60,1,26761,1,50,1,268975,1,156590,1,133255,1,1423624,1,11191,1,113978,1,12925,4,373445,4,81947,4,268394,4,516759,8,697810,96,52470,36,4639,1,34626,1,3346,1,0,0,0,0,0,0,0,0,105893,1,32693,1,4919,1,6873,1,55025,1,172560,1,34215,1,4028,1,6242,1,30739,1,70696,1,16342,1,237,1,9545,1,4469,1,16579,1,9545,1,48,1,1240,1,1,1,0,1,4503,1,5042,1,0,1,0,0,222346,1,385803,1,775,1,776,1,0,1,96,1,2232,1,97,1,0,1,2,1,0,1,0,1,1,1,8,1,28,1,0,1,0,1,209,1,16342,1,1,1,1,1,1832,1,22671,1,8,1,8,1,0,1,109489,1,97,1,13118,1,5907,1,120059,1,2953,1,1,1,32,1,32,1
486,2027000,4469,9545,28.988922,,0,11,8,96,33185,14398,31369,1993815,16,227,50,1,26821,1,30,1,270498,1,177870,1,128115,1,1379039,1,11392,1,120761,1,12454,4,375529,4,81797,4,249838,4,469829,8,638714,96,49585,36,6773,1,43012,1,4649,1,0,0,0,0,0,0,0,0,123156,1,36480,1,4639,1,7104,1,56117,1,173833,1,33043,1,4098,1,5971,1,31110,1,76757,1,16342,1,237,1,9545,1,4469,1,16579,1,9545,1,48,1,1240,1,1,1,0,1,4502,1,5042,1,1,1,0,0,211925,1,368940,1,776,1,776,1,0,1,96,1,2232,1,97,1,0,1,2,1,0,1,0,1,1,1,8,1,28,1,0,1,0,1,209,1,16342,1,1,1,1,1,16187,1,57189,1,8,1,8,1,0,1,94846,1,97,1,13316,1,1155,1,115654,1,16104,1,1,1,32,1,32,1
487,2111300,4469,9545,28.988922,,0,11,8,96,31540,15900,29274,2079760,16,227,60,1,34646,1,20,1,335612,1,195614,1,183922,1,1318503,1,11382,1,119058,1,12594,4,372483,4,79632,4,239538,4,439601,8,601754,96,48112,36,4529,1,31841,1,3326,1,0,0,0,0,0,0,0,0,134237,1,36119,1,6903,1,9288,1,74142,1,203670,1,48132,1,5200,1,8206,1,31110,1,72278,1,16342,1,237,1,9545,1,4469,1,16579,1,9545,1,48,1,1240,1,1,1,0,1,4503,1,5042,1,0,1,0,0,210985,1,354585,1,776,1,776,1,0,1,96,1,2232,1,97,1,0,1,2,1,0,1,0,1,1,1,8,1,28,1,0,1,0,1,209,1,16342,1,1,1,1,1,3944,1,56958,1,8,1,8,1,0,1,92327,1,97,1,13547,1,5577,1,112569,1,12969,1,1,1,32,1,32,1
488,1989000,4469,9545,28.988922,,0,11,8,96,32666,13466,33972,1956334,16,227,70,1,27092,1,40,1,267873,1,157061,1,131652,1,1361495,1,11051,1,113778,1,13155,4,348497,4,82277,4,264907,4,486481,8,662742,96,54675,36,6162,1,29647,1,3126,1,0,0,0,0,0,0,0,0,105893,1,33013,1,4939,1,6743,1,55296,1,171719,1,33855,1,3917,1,5961,1,30909,1,70936,1,16342,1,237,1,9545,1,4469,1,16579,1,9545,1,48,1,1240,1,1,1,0,1,4503,1,5042,1,0,1,0,0,233624,1,288684,1,774,1,774,1,0,1,96,1,2232,1,97,1,0,1,2,1,0,1,0,1,1,1,8,1,28,1,0,1,0,1,209,1,16342,1,1,1,1,1,2690,1,22341,1,8,1,8,1,0,1,82375,1,97,1,13613,1,1914,1,121512,1,2607,1,1,1,32,1,32,1
489,2270200,4469,9545,28.988922,,0,11,8,96,33410,15640,31348,2236790,16,227,140,1,30649,1,40,1,328348,1,194863,1,157071,1,1514518,1,11161,1,135359,1,14678,4,413030,4,80534,4,327677,4,483305,8,733096,96,46539,36,4589,1,36309,1,3396,1,0,0,0,0,0,0,0,0,137042,1,35889,1,5731,1,8116,1,65245,1,203880,1,50426,1,4539,1,7074,1,30188,1,90623,1,16342,1,237,1,9545,1,4469,1,16579,1,9545,1,48,1,1240,1,1,1,0,1,4503,1,5042,1,0,1,0,0,226572,1,335643,1,776,1,776,1,0,1,96,1,2232,1,97,1,0,1,2,1,0,1,0,1,1,1,8,1,28,1,0,1,0,1,209,1,16342,1,1,1,1,1,16462,1,1749,1,8,1,8,1,0,1,82440,1,97,1,17997,1,1023,1,127288,1,1749,1,1,1,32,1,32,1
490,2282100,4469,9545,28.988922,,0,11,8,96,32936,18615,29666,2249164,16,227,130,1,35207,1,40,1,384366,1,195835,1,206635,1,1415899,1,11051,1,135399,1,13987,4,454610,4,79041,4,233767,4,440213,8,596152,96,48162,36,4619,1,32302,1,3346,1,0,0,0,0,0,0,0,0,129528,1,37372,1,7835,1,10500,1,87798,1,233707,1,51789,1,5771,1,9168,1,31220,1,85985,1,16342,1,237,1,9545,1,4469,1,16579,1,9545,1,48,1,1240,1,1,1,0,1,4502,1,5042,1,1,1,0,0,214035,1,309441,1,776,1,776,1,0,1,96,1,2232,1,97,1,0,1,2,1,0,1,0,1,1,1,8,1,28,1,0,1,0,1,209,1,16342,1,1,1,1,1,5396,1,7656,1,8,1,8,1,0,1,81497,1,97,1,14075,1,2838,1,116991,1,1765,1,1,1,32,1,32,1
491,1981300,4469,9545,28.988922,,0,11,8,96,32591,13847,31990,1948709,16,227,70,1,26801,1,40,1,274976,1,154906,1,134207,1,1346547,1,11161,1,116703,1,12273,4,354448,4,81115,4,249968,4,478205,8,644334,96,51849,36,6142,1,30659,1,3186,1,0,0,0,0,0,0,0,0,104069,1,32292,1,4939,1,6382,1,56919,1,177219,1,34145,1,4108,1,6162,1,30739,1,73541,1,16343,1,237,1,9545,1,4469,1,16580,1,9545,1,48,1,1240,1,1,1,0,1,4503,1,5042,1,0,1,0,0,231341,1,337095,1,775,1,775,1,0,1,96,1,2232,1,97,1,0,1,2,1,0,1,0,1,1,1,8,1,28,1,0,1,0,1,209,1,16343,1,1,1,0,1,2261,1,35442,1,8,1,8,1,0,1,95607,1,97,1,13646,1,5676,1,130360,1,10048,1,1,1,32,1,32,1
492,2504400,4469,9545,28.988922,,0,11,8,96,42008,15991,38602,2462392,16,215,140,1,31761,1,70,1,308350,1,171759,1,172771,1,1765368,1,12173,1,143254,1,15590,4,562556,4,103799,4,296728,4,554271,8,754365,96,58031,36,8386,1,58803,1,5991,1,0,0,0,0,0,0,0,0,111494,1,37923,1,5731,1,7865,1,66337,1,194302,1,39175,1,5210,1,7585,1,30528,1,96795,1,16343,1,237,1,9545,1,4469,1,16580,1,9545,1,48,1,1240,1,1,1,0,1,4503,1,5042,1,0,1,0,0,221401,1,364914,1,776,1,776,1,0,1,96,1,2232,1,97,1,0,1,2,1,0,1,0,1,1,1,8,1,28,1,0,1,0,1,209,1,16343,1,1,1,1,1,19552,1,16038,1,8,1,8,1,0,1,104238,1,97,1,14223,1,6765,1,125362,1,2079,1,1,1,32,1,32,1
493,2102600,4469,9545,28.988922,,0,11,8,96,32308,15129,32411,2070292,16,227,140,1,39856,1,40,1,301577,1,180125,1,156019,1,1381564,1,10971,1,120190,1,12985,4,413491,4,79773,4,234188,4,465090,8,617954,96,48914,36,4889,1,32472,1,3356,1,0,0,0,0,0,0,0,0,122104,1,36229,1,5761,1,8166,1,64844,1,189783,1,38153,1,4729,1,7074,1,30589,1,75424,1,16343,1,237,1,9545,1,4469,1,16580,1,9545,1,48,1,1240,1,1,1,0,1,4503,1,5042,1,0,1,0,0,223503,1,351879,1,774,1,774,1,0,1,96,1,2232,1,97,1,0,1,2,1,0,1,0,1,1,1,8,1,28,1,0,1,0,1,209,1,16343,1,1,1,1,1,5346,1,1419,1,8,1,8,1,0,1,88664,1,97,1,13068,1,1947,1,124733,1,1419,1,1,1,32,1,32,1
494,2029100,4469,9545,28.988922,,0,11,8,96,33151,9999,32822,1995949,16,227,60,1,26370,1,40,1,275477,1,161569,1,135870,1,1385551,1,11011,1,114870,1,12394,4,372874,4,81586,4,242805,4,513262,8,673871,96,49374,36,4218,1,30378,1,3166,1,0,0,0,0,0,0,0,0,110832,1,31731,1,4919,1,6533,1,57851,1,177289,1,33464,1,4017,1,6112,1,30709,1,71918,1,16341,1,237,1,9545,1,4469,1,16578,1,9545,1,48,1,1240,1,1,1,0,1,4503,1,5042,1,0,1,0,0,209127,1,426591,1,776,1,776,1,0,1,96,1,2232,1,97,1,0,1,2,1,0,1,0,1,1,1,8,1,28,1,0,1,0,1,209,1,16341,1,1,1,0,1,2723,1,57717,1,8,1,8,1,0,1,104223,1,97,1,12854,1,1782,1,113096,1,17011,1,1,1,32,1,32,1
495,2153700,4469,9545,28.988922,,0,11,8,96,34876,11622,34616,2118824,16,227,70,1,27372,1,30,1,270958,1,161659,1,128376,1,1519137,1,11221,1,129598,1,13656,4,416367,4,86435,4,267903,4,530846,8,709549,96,54584,36,7634,1,49986,1,5090,1,0,0,0,0,0,0,0,0,109600,1,34035,1,4629,1,6322,1,55306,1,176478,1,32402,1,4268,1,5741,1,30278,1,86506,1,16341,1,237,1,9545,1,4469,1,16578,1,9545,1,48,1,1240,1,1,1,0,1,4503,1,5042,1,0,1,0,0,234550,1,430914,1,776,1,776,1,0,1,96,1,2244,1,97,1,0,1,2,1,0,1,0,1,1,1,8,1,28,1,0,1,0,1,209,1,16341,1,1,1,0,1,2459,1,2046,1,8,1,8,1,0,1,102018,1,97,1,14190,1,4983,1,132664,1,940,1,1,1,32,1,32,1
496,2090900,4469,9545,28.988922,,0,11,8,96,34976,11392,28594,2055924,16,227,40,1,39235,1,50,1,377512,1,185545,1,134337,1,1307883,1,11322,1,114549,1,12183,4,371270,4,79212,4,233397,4,446985,8,600981,96,50807,36,4499,1,31100,1,3296,1,0,0,0,0,0,0,0,0,134638,1,32142,1,5050,1,10560,1,85534,1,226073,1,55035,1,4098,1,6042,1,30839,1,71487,1,16340,1,237,1,9545,1,4469,1,16577,1,9545,1,48,1,1240,1,1,1,0,1,4502,1,5042,1,1,1,0,0,213884,1,326634,1,776,1,776,1,0,1,96,1,2232,1,97,1,0,1,2,1,0,1,0,1,1,1,8,1,28,1,0,1,0,1,209,1,16340,1,1,1,0,1,3614,1,693,1,8,1,8,1,0,1,84770,1,97,1,13910,1,4323,1,116298,1,693,1,1,1,32,1,32,1
497,1933700,4469,9545,28.988922,,0,11,8,96,31921,11001,30137,1901779,16,227,140,1,26320,1,60,1,270237,1,155467,1,131872,1,1306781,1,10901,1,115070,1,12243,4,370449,4,79272,4,236392,4,443839,8,600059,96,50036,36,4489,1,30679,1,3346,1,0,0,0,0,0,0,0,0,104510,1,32673,1,4929,1,7815,1,55206,1,172700,1,34225,1,4057,1,5991,1,30879,1,72108,1,16341,1,237,1,9545,1,4469,1,16578,1,9545,1,48,1,1240,1,1,1,0,1,4501,1,5042,1,2,1,0,0,211858,1,326733,1,776,1,776,1,0,1,96,1,2244,1,97,1,0,1,2,1,0,1,0,1,1,1,8,1,28,1,0,1,0,1,209,1,16341,1,1,1,0,1,2591,1,12573,1,8,1,8,1,0,1,82869,1,97,1,13283,1,5577,1,113014,1,1567,1,1,1,32,1,32,1
498,2022000,4469,9545,28.988922,,0,11,8,96,35048,11372,31479,1986952,16,227,50,1,26491,1,30,1,268233,1,196035,1,134307,1,1350344,1,11462,1,120290,1,12885,4,370629,4,79011,4,245410,4,468847,8,634446,96,48332,36,4569,1,33925,1,3407,1,0,0,0,0,0,0,0,0,142142,1,35027,1,4919,1,7905,1,55737,1,170997,1,33304,1,4178,1,6042,1,30017,1,77819,1,16343,1,237,1,9545,1,4469,1,16580,1,9545,1,48,1,1240,1,1,1,0,1,4502,1,5042,1,1,1,0,0,205527,1,357654,1,776,1,776,1,0,1,96,1,2244,1,97,1,0,1,2,1,0,1,0,1,1,1,8,1,28,1,0,1,0,1,209,1,16343,1,1,1,0,1,2327,1,63393,1,8,1,8,1,0,1,88279,1,97,1,13019,1,2541,1,113460,1,14817,1,1,1,32,1,32,1
499,2205700,4468,9545,28.988922,,0,11,8,96,31289,10100,30167,2174411,16,227,130,1,31600,1,30,1,336734,1,207878,1,186276,1,1400490,1,11272,1,140338,1,13536,4,412990,4,84211,4,253896,4,446745,8,621550,96,48924,36,4529,1,31019,1,3126,1,0,0,0,0,0,0,0,0,146300,1,36500,1,6883,1,10400,1,75705,1,201225,1,49094,1,5140,1,8216,1,30769,1,93309,1,16351,1,229,1,9545,1,4468,1,16580,1,9545,1,48,1,1240,1,1,1,0,1,4503,1,5042,1,0,1,0,0,208902,1,378081,1,776,1,776,1,0,1,96,1,2244,1,97,1,0,1,2,1,0,1,0,1,1,1,8,1,28,1,0,1,0,1,201,1,16351,1,0,1,0,1,3911,1,70092,1,8,1,8,1,0,1,105773,1,97,1,14207,1,3168,1,115555,1,13975,1,1,1,32,1,32,1
